# A397104 T(n,k) = n + Omega*(k), triangle read by rows, n >= 1, 1 <= k <= n, gcd(n,k) = 1.
1 1
2 2
3 3
4 4
5 4
6 6
7 5
8 6
9 7
10 7
11 6
12 10
13 7
14 8
15 9
16 9
17 11
18 10
19 8
20 10
21 12
22 14
23 9
24 10
25 11
26 13
27 15
28 12
29 10
30 12
31 16
32 14
33 11
34 12
35 13
36 13
37 15
38 14
39 17
40 14
41 15
42 16
43 12
44 16
45 18
46 22
47 13
48 14
49 15
50 15
51 17
52 16
53 19
54 16
55 17
56 18
57 23
58 17
59 14
60 16
61 18
62 18
63 24
64 26
65 15
66 16
67 17
68 21
69 18
70 25
71 27
72 22
73 16
74 18
75 20
76 22
77 20
78 26
79 28
80 22
81 17
82 18
83 19
84 19
85 21
86 20
87 23
88 20
89 21
90 22
91 27
92 21
93 29
94 24
95 23
96 21
97 18
98 22
99 24
100 28
101 30
102 34
103 19
104 20
105 21
106 21
107 23
108 22
109 25
110 22
111 23
112 24
113 29
114 23
115 31
116 26
117 25
118 23
119 35
120 24
121 20
122 22
123 26
124 24
125 30
126 32
127 36
128 38
129 21
130 22
131 23
132 25
133 24
134 26
135 31
136 33
137 25
138 37
139 39
140 27
141 22
142 24
143 26
144 28
145 26
146 34
147 28
148 38
149 40
150 30
151 23
152 24
153 25
154 25
155 27
156 26
157 29
158 26
159 27
160 28
161 33
162 27
163 35
164 30
165 29
166 27
167 39
168 28
169 41
170 29
171 31
172 34
173 24
174 28
175 30
176 34
177 36
178 40
179 42
180 46
181 25
182 26
183 27
184 27
185 28
186 31
187 28
188 29
189 35
190 29
191 37
192 32
193 29
194 41
195 30
196 43
197 33
198 36
199 47
200 30
201 26
202 28
203 30
204 32
205 30
206 36
207 32
208 42
209 44
210 34
211 48
212 34
213 27
214 28
215 29
216 31
217 33
218 30
219 32
220 37
221 39
222 34
223 31
224 43
225 45
226 33
227 38
228 49
229 35
230 40
231 28
232 30
233 32
234 32
235 38
236 40
237 34
238 44
239 46
240 50
241 36
242 34
243 29
244 30
245 31
246 31
247 33
248 32
249 35
250 32
251 33
252 34
253 39
254 33
255 41
256 36
257 35
258 33
259 45
260 34
261 47
262 35
263 37
264 40
265 51
266 34
267 37
268 42
269 35
270 37
271 30
272 36
273 40
274 42
275 46
276 48
277 52
278 58
279 31
280 32
281 33
282 33
283 35
284 34
285 37
286 34
287 35
288 36
289 41
290 35
291 43
292 38
293 37
294 35
295 47
296 36
297 49
298 37
299 39
300 42
301 53
302 36
303 39
304 44
305 37
306 39
307 59
308 38
309 32
310 34
311 36
312 38
313 36
314 42
315 44
316 38
317 48
318 50
319 40
320 54
321 40
322 38
323 60
324 62
325 33
326 34
327 35
328 37
329 39
330 36
331 38
332 45
333 40
334 37
335 49
336 51
337 39
338 55
339 41
340 46
341 41
342 61
343 63
344 38
345 34
346 36
347 38
348 40
349 38
350 44
351 46
352 40
353 52
354 42
355 56
356 42
357 40
358 62
359 64
360 46
361 35
362 36
363 37
364 37
365 38
366 38
367 39
368 45
369 39
370 47
371 39
372 51
373 40
374 53
375 46
376 57
377 40
378 48
379 41
380 63
381 65
382 40
383 47
384 52
385 36
386 40
387 42
388 46
389 48
390 52
391 54
392 58
393 44
394 64
395 66
396 46
397 37
398 38
399 39
400 39
401 41
402 40
403 43
404 40
405 41
406 42
407 47
408 41
409 49
410 44
411 43
412 41
413 53
414 42
415 55
416 43
417 45
418 48
419 59
420 42
421 45
422 50
423 43
424 45
425 65
426 44
427 67
428 42
429 49
430 54
431 47
432 43
433 38
434 40
435 42
436 44
437 42
438 48
439 50
440 44
441 54
442 46
443 60
444 46
445 44
446 66
447 68
448 50
449 48
450 74
451 39
452 40
453 41
454 43
455 45
456 42
457 44
458 49
459 46
460 43
461 55
462 57
463 45
464 50
465 61
466 47
467 47
468 67
469 69
470 44
471 56
472 49
473 75
474 58
475 40
476 42
477 46
478 44
479 50
480 52
481 56
482 58
483 48
484 62
485 46
486 68
487 70
488 52
489 76
490 54
491 41
492 42
493 43
494 43
495 45
496 44
497 47
498 44
499 45
500 46
501 51
502 45
503 53
504 48
505 47
506 45
507 57
508 46
509 59
510 47
511 49
512 52
513 63
514 46
515 49
516 54
517 47
518 49
519 69
520 48
521 71
522 46
523 53
524 58
525 51
526 47
527 77
528 60
529 55
530 48
531 42
532 46
533 52
534 54
535 58
536 60
537 64
538 50
539 70
540 72
541 78
542 82
543 43
544 44
545 45
546 45
547 47
548 46
549 49
550 46
551 47
552 48
553 53
554 47
555 55
556 50
557 49
558 47
559 59
560 48
561 61
562 49
563 51
564 54
565 65
566 48
567 51
568 56
569 49
570 51
571 71
572 50
573 73
574 48
575 55
576 60
577 53
578 49
579 79
580 62
581 57
582 50
583 83
584 52
585 44
586 46
587 48
588 50
589 48
590 56
591 50
592 60
593 62
594 52
595 66
596 52
597 50
598 72
599 74
600 54
601 80
602 58
603 84
604 86
605 45
606 46
607 47
608 51
609 48
610 55
611 57
612 52
613 49
614 61
615 63
616 56
617 67
618 58
619 53
620 73
621 75
622 50
623 62
624 81
625 64
626 85
627 87
628 57
629 46
630 48
631 50
632 52
633 50
634 56
635 58
636 52
637 62
638 64
639 54
640 54
641 52
642 74
643 76
644 58
645 56
646 82
647 60
648 86
649 88
650 54
651 47
652 48
653 49
654 49
655 51
656 50
657 53
658 50
659 51
660 52
661 57
662 51
663 59
664 54
665 53
666 51
667 63
668 52
669 65
670 53
671 55
672 58
673 69
674 52
675 55
676 60
677 53
678 55
679 75
680 54
681 77
682 52
683 59
684 64
685 57
686 53
687 83
688 66
689 61
690 54
691 87
692 56
693 89
694 59
695 55
696 70
697 48
698 52
699 54
700 58
701 60
702 64
703 66
704 70
705 56
706 76
707 78
708 58
709 84
710 88
711 90
712 94
713 49
714 50
715 51
716 51
717 53
718 52
719 52
720 53
721 54
722 59
723 53
724 61
725 55
726 53
727 65
728 54
729 67
730 55
731 60
732 71
733 54
734 57
735 62
736 55
737 77
738 56
739 79
740 54
741 61
742 66
743 55
744 85
745 68
746 63
747 56
748 89
749 91
750 61
751 57
752 72
753 95
754 55
755 50
756 52
757 56
758 54
759 60
760 62
761 66
762 68
763 58
764 72
765 56
766 78
767 80
768 62
769 86
770 64
771 90
772 92
773 96
774 62
775 51
776 52
777 53
778 55
779 57
780 54
781 56
782 61
783 63
784 58
785 55
786 69
787 57
788 62
789 73
790 59
791 64
792 59
793 79
794 81
795 56
796 61
797 87
798 70
799 58
800 91
801 93
802 63
803 74
804 97
805 63
806 60
807 52
808 54
809 56
810 58
811 56
812 62
813 58
814 68
815 70
816 60
817 74
818 60
819 58
820 80
821 82
822 64
823 62
824 88
825 92
826 94
827 60
828 98
829 64
830 70
831 53
832 54
833 55
834 55
835 57
836 56
837 59
838 56
839 57
840 58
841 63
842 57
843 65
844 60
845 59
846 57
847 69
848 58
849 71
850 59
851 61
852 64
853 75
854 58
855 61
856 66
857 59
858 61
859 81
860 60
861 83
862 58
863 65
864 70
865 63
866 59
867 89
868 72
869 67
870 60
871 93
872 62
873 95
874 65
875 61
876 76
877 99
878 59
879 65
880 62
881 71
882 67
883 54
884 58
885 60
886 64
887 66
888 70
889 72
890 76
891 62
892 82
893 84
894 64
895 90
896 94
897 96
898 100
899 66
900 106
901 55
902 56
903 57
904 57
905 58
906 61
907 58
908 59
909 59
910 67
911 62
912 59
913 71
914 60
915 73
916 63
917 77
918 60
919 68
920 61
921 63
922 83
923 85
924 60
925 72
926 61
927 91
928 74
929 69
930 95
931 64
932 97
933 78
934 101
935 61
936 67
937 73
938 69
939 107
940 62
941 56
942 58
943 60
944 60
945 66
946 68
947 62
948 72
949 74
950 78
951 64
952 62
953 84
954 86
955 68
956 92
957 70
958 96
959 98
960 64
961 102
962 74
963 108
964 70
965 57
966 58
967 59
968 61
969 63
970 60
971 62
972 67
973 69
974 64
975 61
976 73
977 63
978 68
979 79
980 65
981 70
982 65
983 85
984 87
985 62
986 74
987 67
988 93
989 64
990 97
991 99
992 69
993 80
994 103
995 69
996 66
997 71
998 109
999 71
1000 66
1001 58
1002 60
1003 62
1004 64
1005 62
1006 68
1007 70
1008 64
1009 74
1010 76
1011 66
1012 80
1013 66
1014 64
1015 88
1016 70
1017 68
1018 94
1019 72
1020 98
1021 100
1022 66
1023 104
1024 70
1025 76
1026 110
1027 72
1028 78
1029 59
1030 60
1031 61
1032 61
1033 63
1034 62
1035 65
1036 62
1037 63
1038 64
1039 69
1040 63
1041 71
1042 66
1043 65
1044 63
1045 75
1046 64
1047 77
1048 65
1049 67
1050 70
1051 81
1052 64
1053 67
1054 72
1055 65
1056 67
1057 87
1058 66
1059 89
1060 64
1061 71
1062 76
1063 69
1064 65
1065 95
1066 78
1067 73
1068 66
1069 99
1070 68
1071 101
1072 71
1073 67
1074 82
1075 105
1076 65
1077 71
1078 68
1079 77
1080 73
1081 111
1082 66
1083 73
1084 68
1085 79
1086 88
1087 60
1088 66
1089 70
1090 72
1091 76
1092 78
1093 82
1094 88
1095 90
1096 96
1097 100
1098 102
1099 106
1100 72
1101 112
1102 118
1103 61
1104 62
1105 63
1106 63
1107 65
1108 64
1109 67
1110 64
1111 65
1112 66
1113 71
1114 65
1115 73
1116 68
1117 67
1118 65
1119 77
1120 66
1121 79
1122 67
1123 69
1124 72
1125 83
1126 66
1127 69
1128 74
1129 67
1130 69
1131 89
1132 68
1133 91
1134 66
1135 73
1136 78
1137 71
1138 67
1139 97
1140 80
1141 75
1142 68
1143 101
1144 70
1145 103
1146 73
1147 69
1148 84
1149 107
1150 67
1151 73
1152 70
1153 79
1154 75
1155 113
1156 68
1157 75
1158 70
1159 81
1160 90
1161 119
1162 69
1163 62
1164 64
1165 66
1166 68
1167 66
1168 72
1169 74
1170 68
1171 78
1172 80
1173 70
1174 84
1175 70
1176 68
1177 90
1178 74
1179 72
1180 98
1181 76
1182 102
1183 104
1184 70
1185 108
1186 74
1187 80
1188 114
1189 76
1190 82
1191 120
1192 122
1193 63
1194 64
1195 65
1196 67
1197 66
1198 68
1199 73
1200 75
1201 67
1202 79
1203 81
1204 69
1205 74
1206 85
1207 71
1208 76
1209 91
1210 93
1211 68
1212 80
1213 99
1214 82
1215 70
1216 103
1217 105
1218 75
1219 86
1220 109
1221 72
1222 77
1223 115
1224 77
1225 92
1226 121
1227 123
1228 94
1229 64
1230 66
1231 68
1232 70
1233 68
1234 74
1235 76
1236 70
1237 80
1238 82
1239 72
1240 86
1241 72
1242 70
1243 92
1244 94
1245 76
1246 74
1247 100
1248 78
1249 104
1250 106
1251 72
1252 110
1253 76
1254 82
1255 116
1256 78
1257 84
1258 122
1259 124
1260 74
1261 65
1262 66
1263 67
1264 67
1265 68
1266 71
1267 68
1268 69
1269 75
1270 69
1271 72
1272 69
1273 81
1274 70
1275 83
1276 73
1277 76
1278 87
1279 70
1280 71
1281 73
1282 93
1283 95
1284 70
1285 77
1286 82
1287 71
1288 101
1289 84
1290 105
1291 74
1292 107
1293 77
1294 88
1295 111
1296 71
1297 77
1298 83
1299 117
1300 72
1301 74
1302 85
1303 94
1304 123
1305 125
1306 96
1307 75
1308 71
1309 66
1310 70
1311 72
1312 78
1313 82
1314 84
1315 88
1316 74
1317 94
1318 96
1319 76
1320 102
1321 106
1322 108
1323 112
1324 78
1325 118
1326 124
1327 126
1328 82
1329 67
1330 68
1331 69
1332 69
1333 71
1334 70
1335 73
1336 70
1337 71
1338 72
1339 77
1340 71
1341 79
1342 74
1343 73
1344 71
1345 83
1346 72
1347 85
1348 73
1349 75
1350 78
1351 89
1352 72
1353 75
1354 80
1355 73
1356 75
1357 95
1358 74
1359 97
1360 72
1361 79
1362 84
1363 77
1364 73
1365 103
1366 86
1367 81
1368 74
1369 107
1370 76
1371 109
1372 79
1373 75
1374 90
1375 113
1376 73
1377 79
1378 76
1379 85
1380 81
1381 119
1382 74
1383 81
1384 76
1385 87
1386 96
1387 125
1388 75
1389 127
1390 98
1391 77
1392 73
1393 83
1394 80
1395 68
1396 70
1397 72
1398 74
1399 72
1400 78
1401 80
1402 74
1403 86
1404 76
1405 90
1406 76
1407 74
1408 96
1409 98
1410 80
1411 78
1412 104
1413 82
1414 108
1415 110
1416 76
1417 114
1418 80
1419 120
1420 82
1421 88
1422 126
1423 128
1424 78
1425 84
1426 134
1427 69
1428 70
1429 71
1430 73
1431 75
1432 72
1433 74
1434 79
1435 81
1436 76
1437 73
1438 85
1439 87
1440 75
1441 80
1442 77
1443 82
1444 77
1445 97
1446 99
1447 74
1448 86
1449 79
1450 105
1451 88
1452 76
1453 109
1454 111
1455 81
1456 115
1457 81
1458 78
1459 83
1460 121
1461 83
1462 78
1463 98
1464 127
1465 129
1466 100
1467 75
1468 85
1469 135
1470 87
1471 70
1472 72
1473 74
1474 80
1475 82
1476 86
1477 88
1478 92
1479 76
1480 98
1481 100
1482 82
1483 106
1484 84
1485 110
1486 112
1487 116
1488 88
1489 122
1490 90
1491 128
1492 130
1493 136
1494 94
1495 71
1496 72
1497 73
1498 73
1499 75
1500 74
1501 77
1502 74
1503 75
1504 76
1505 81
1506 75
1507 83
1508 78
1509 77
1510 75
1511 87
1512 76
1513 89
1514 77
1515 79
1516 82
1517 93
1518 76
1519 79
1520 84
1521 77
1522 79
1523 99
1524 78
1525 101
1526 76
1527 83
1528 88
1529 81
1530 77
1531 107
1532 90
1533 85
1534 78
1535 111
1536 80
1537 113
1538 83
1539 79
1540 94
1541 117
1542 77
1543 83
1544 80
1545 89
1546 85
1547 123
1548 78
1549 85
1550 80
1551 91
1552 100
1553 129
1554 79
1555 131
1556 102
1557 81
1558 77
1559 87
1560 84
1561 137
1562 89
1563 95
1564 82
1565 72
1566 76
1567 78
1568 82
1569 84
1570 88
1571 90
1572 94
1573 80
1574 100
1575 102
1576 82
1577 108
1578 112
1579 114
1580 118
1581 84
1582 124
1583 86
1584 130
1585 132
1586 88
1587 138
1588 142
1589 73
1590 74
1591 75
1592 75
1593 77
1594 76
1595 79
1596 76
1597 77
1598 78
1599 83
1600 77
1601 85
1602 80
1603 79
1604 77
1605 89
1606 78
1607 91
1608 79
1609 81
1610 84
1611 95
1612 78
1613 81
1614 86
1615 79
1616 81
1617 101
1618 80
1619 103
1620 78
1621 85
1622 90
1623 83
1624 79
1625 109
1626 92
1627 87
1628 80
1629 113
1630 82
1631 115
1632 85
1633 81
1634 96
1635 119
1636 79
1637 85
1638 82
1639 91
1640 87
1641 125
1642 80
1643 87
1644 82
1645 93
1646 102
1647 131
1648 81
1649 133
1650 104
1651 83
1652 79
1653 89
1654 86
1655 139
1656 91
1657 97
1658 84
1659 143
1660 80
1661 74
1662 76
1663 78
1664 80
1665 78
1666 84
1667 86
1668 80
1669 90
1670 92
1671 82
1672 96
1673 82
1674 80
1675 102
1676 104
1677 86
1678 84
1679 88
1680 114
1681 116
1682 82
1683 120
1684 86
1685 92
1686 126
1687 88
1688 94
1689 132
1690 134
1691 84
1692 90
1693 140
1694 98
1695 144
1696 146
1697 75
1698 76
1699 77
1700 81
1701 78
1702 85
1703 87
1704 82
1705 79
1706 91
1707 93
1708 86
1709 97
1710 88
1711 83
1712 103
1713 105
1714 80
1715 92
1716 111
1717 94
1718 115
1719 117
1720 87
1721 98
1722 121
1723 87
1724 89
1725 127
1726 84
1727 104
1728 133
1729 135
1730 106
1731 81
1732 141
1733 93
1734 145
1735 147
1736 112
1737 76
1738 78
1739 80
1740 82
1741 80
1742 86
1743 88
1744 82
1745 92
1746 84
1747 98
1748 84
1749 82
1750 104
1751 106
1752 88
1753 86
1754 112
1755 90
1756 116
1757 118
1758 84
1759 122
1760 88
1761 94
1762 128
1763 90
1764 134
1765 136
1766 86
1767 92
1768 142
1769 100
1770 146
1771 148
1772 86
1773 77
1774 78
1775 79
1776 79
1777 81
1778 80
1779 80
1780 81
1781 82
1782 81
1783 89
1784 83
1785 81
1786 93
1787 82
1788 95
1789 83
1790 99
1791 82
1792 85
1793 90
1794 83
1795 105
1796 84
1797 107
1798 82
1799 94
1800 83
1801 113
1802 96
1803 91
1804 84
1805 117
1806 119
1807 85
1808 100
1809 123
1810 83
1811 86
1812 95
1813 91
1814 129
1815 84
1816 97
1817 106
1818 135
1819 85
1820 137
1821 108
1822 83
1823 93
1824 143
1825 95
1826 101
1827 147
1828 84
1829 149
1830 114
1831 87
1832 97
1833 78
1834 82
1835 84
1836 88
1837 94
1838 96
1839 100
1840 86
1841 106
1842 108
1843 88
1844 114
1845 118
1846 120
1847 124
1848 90
1849 130
1850 92
1851 136
1852 138
1853 144
1854 148
1855 150
1856 94
1857 79
1858 80
1859 81
1860 81
1861 83
1862 82
1863 85
1864 82
1865 83
1866 84
1867 89
1868 83
1869 91
1870 86
1871 85
1872 83
1873 95
1874 84
1875 97
1876 85
1877 87
1878 90
1879 101
1880 84
1881 87
1882 92
1883 85
1884 87
1885 107
1886 86
1887 109
1888 84
1889 91
1890 96
1891 89
1892 85
1893 115
1894 98
1895 93
1896 86
1897 119
1898 88
1899 121
1900 91
1901 87
1902 102
1903 125
1904 85
1905 91
1906 88
1907 97
1908 93
1909 131
1910 86
1911 93
1912 88
1913 99
1914 108
1915 137
1916 87
1917 139
1918 110
1919 89
1920 85
1921 95
1922 92
1923 145
1924 97
1925 103
1926 90
1927 149
1928 86
1929 151
1930 116
1931 89
1932 99
1933 95
1934 94
1935 80
1936 82
1937 86
1938 84
1939 90
1940 92
1941 96
1942 98
1943 88
1944 102
1945 86
1946 108
1947 110
1948 92
1949 116
1950 94
1951 120
1952 122
1953 126
1954 92
1955 98
1956 132
1957 100
1958 138
1959 140
1960 90
1961 146
1962 104
1963 150
1964 152
1965 96
1966 158
1967 81
1968 82
1969 83
1970 85
1971 87
1972 84
1973 86
1974 91
1975 93
1976 88
1977 85
1978 97
1979 99
1980 87
1981 92
1982 103
1983 89
1984 94
1985 89
1986 109
1987 111
1988 86
1989 98
1990 91
1991 117
1992 100
1993 88
1994 121
1995 123
1996 93
1997 104
1998 127
1999 93
2000 90
2001 95
2002 133
2003 95
2004 90
2005 110
2006 139
2007 141
2008 112
2009 87
2010 97
2011 147
2012 99
2013 92
2014 151
2015 153
2016 118
2017 101
2018 97
2019 159
2020 89
2021 82
2022 84
2023 86
2024 88
2025 86
2026 92
2027 94
2028 88
2029 98
2030 100
2031 90
2032 104
2033 90
2034 88
2035 110
2036 112
2037 94
2038 92
2039 118
2040 96
2041 124
2042 90
2043 128
2044 94
2045 100
2046 134
2047 96
2048 102
2049 140
2050 142
2051 92
2052 98
2053 148
2054 106
2055 152
2056 154
2057 92
2058 98
2059 160
2060 90
2061 83
2062 84
2063 85
2064 85
2065 87
2066 86
2067 89
2068 86
2069 87
2070 88
2071 93
2072 87
2073 95
2074 90
2075 89
2076 87
2077 99
2078 88
2079 101
2080 89
2081 91
2082 94
2083 105
2084 88
2085 91
2086 96
2087 89
2088 91
2089 111
2090 90
2091 113
2092 88
2093 95
2094 100
2095 93
2096 89
2097 119
2098 102
2099 97
2100 90
2101 123
2102 92
2103 125
2104 95
2105 91
2106 106
2107 129
2108 89
2109 95
2110 92
2111 101
2112 97
2113 135
2114 90
2115 97
2116 92
2117 103
2118 112
2119 141
2120 91
2121 143
2122 114
2123 93
2124 89
2125 99
2126 96
2127 149
2128 101
2129 107
2130 94
2131 153
2132 90
2133 155
2134 120
2135 93
2136 103
2137 99
2138 98
2139 161
2140 91
2141 91
2142 124
2143 84
2144 88
2145 94
2146 96
2147 100
2148 102
2149 106
2150 92
2151 112
2152 114
2153 120
2154 124
2155 126
2156 130
2157 136
2158 98
2159 142
2160 144
2161 100
2162 150
2163 154
2164 156
2165 162
2166 166
2167 85
2168 86
2169 87
2170 87
2171 88
2172 91
2173 88
2174 89
2175 95
2176 89
2177 97
2178 92
2179 89
2180 90
2181 103
2182 93
2183 96
2184 107
2185 90
2186 98
2187 91
2188 93
2189 113
2190 115
2191 90
2192 97
2193 91
2194 121
2195 104
2196 99
2197 125
2198 94
2199 127
2200 97
2201 108
2202 131
2203 91
2204 97
2205 99
2206 137
2207 92
2208 94
2209 105
2210 114
2211 143
2212 145
2213 116
2214 95
2215 91
2216 98
2217 151
2218 109
2219 155
2220 92
2221 157
2222 122
2223 105
2224 101
2225 100
2226 163
2227 93
2228 126
2229 167
2230 95
2231 86
2232 88
2233 90
2234 92
2235 90
2236 96
2237 98
2238 92
2239 102
2240 104
2241 94
2242 108
2243 94
2244 92
2245 114
2246 116
2247 98
2248 96
2249 122
2250 100
2251 126
2252 94
2253 132
2254 98
2255 104
2256 138
2257 100
2258 106
2259 144
2260 146
2261 96
2262 102
2263 152
2264 110
2265 156
2266 158
2267 96
2268 102
2269 164
2270 94
2271 168
2272 106
2273 87
2274 88
2275 89
2276 91
2277 93
2278 90
2279 92
2280 97
2281 99
2282 94
2283 91
2284 103
2285 105
2286 93
2287 98
2288 109
2289 95
2290 100
2291 95
2292 117
2293 92
2294 104
2295 97
2296 123
2297 106
2298 94
2299 127
2300 129
2301 99
2302 110
2303 133
2304 99
2305 96
2306 101
2307 139
2308 101
2309 96
2310 145
2311 147
2312 118
2313 93
2314 103
2315 153
2316 105
2317 98
2318 157
2319 159
2320 124
2321 107
2322 103
2323 165
2324 95
2325 128
2326 169
2327 107
2328 130
2329 88
2330 90
2331 92
2332 94
2333 92
2334 100
2335 94
2336 104
2337 106
2338 96
2339 110
2340 96
2341 94
2342 116
2343 118
2344 98
2345 124
2346 102
2347 128
2348 130
2349 96
2350 134
2351 100
2352 106
2353 140
2354 108
2355 146
2356 148
2357 98
2358 104
2359 154
2360 112
2361 158
2362 160
2363 98
2364 166
2365 96
2366 170
2367 108
2368 118
2369 89
2370 90
2371 91
2372 91
2373 93
2374 92
2375 95
2376 92
2377 93
2378 94
2379 99
2380 93
2381 101
2382 96
2383 95
2384 93
2385 105
2386 94
2387 107
2388 95
2389 97
2390 100
2391 111
2392 94
2393 97
2394 102
2395 95
2396 97
2397 117
2398 96
2399 119
2400 94
2401 101
2402 106
2403 99
2404 95
2405 125
2406 108
2407 103
2408 96
2409 129
2410 98
2411 131
2412 101
2413 97
2414 112
2415 135
2416 95
2417 101
2418 98
2419 107
2420 103
2421 141
2422 96
2423 103
2424 98
2425 109
2426 118
2427 147
2428 97
2429 149
2430 120
2431 99
2432 95
2433 105
2434 102
2435 155
2436 107
2437 113
2438 100
2439 159
2440 96
2441 161
2442 126
2443 99
2444 109
2445 105
2446 104
2447 167
2448 97
2449 97
2450 130
2451 171
2452 99
2453 109
2454 132
2455 119
2456 102
2457 90
2458 96
2459 100
2460 102
2461 106
2462 108
2463 112
2464 118
2465 120
2466 126
2467 130
2468 132
2469 136
2470 102
2471 142
2472 148
2473 150
2474 156
2475 160
2476 162
2477 106
2478 168
2479 172
2480 178
2481 91
2482 92
2483 93
2484 93
2485 95
2486 94
2487 94
2488 95
2489 96
2490 101
2491 95
2492 97
2493 95
2494 107
2495 96
2496 109
2497 97
2498 102
2499 113
2500 96
2501 99
2502 97
2503 119
2504 98
2505 121
2506 96
2507 103
2508 108
2509 97
2510 127
2511 110
2512 98
2513 131
2514 133
2515 103
2516 99
2517 114
2518 137
2519 97
2520 100
2521 109
2522 143
2523 98
2524 105
2525 111
2526 120
2527 149
2528 99
2529 151
2530 122
2531 97
2532 104
2533 157
2534 109
2535 115
2536 161
2537 98
2538 163
2539 128
2540 101
2541 111
2542 169
2543 99
2544 99
2545 132
2546 173
2547 111
2548 134
2549 121
2550 104
2551 179
2552 100
2553 92
2554 94
2555 96
2556 98
2557 96
2558 102
2559 104
2560 98
2561 108
2562 110
2563 100
2564 100
2565 98
2566 120
2567 122
2568 104
2569 102
2570 128
2571 106
2572 132
2573 134
2574 100
2575 138
2576 104
2577 110
2578 144
2579 106
2580 112
2581 150
2582 152
2583 102
2584 108
2585 158
2586 162
2587 164
2588 102
2589 108
2590 170
2591 100
2592 174
2593 112
2594 122
2595 180
2596 110
2597 93
2598 94
2599 95
2600 97
2601 99
2602 96
2603 98
2604 103
2605 105
2606 100
2607 97
2608 109
2609 111
2610 99
2611 104
2612 115
2613 101
2614 106
2615 101
2616 121
2617 98
2618 110
2619 103
2620 129
2621 112
2622 100
2623 133
2624 135
2625 105
2626 116
2627 139
2628 105
2629 102
2630 107
2631 145
2632 107
2633 102
2634 122
2635 151
2636 153
2637 99
2638 109
2639 159
2640 111
2641 104
2642 163
2643 165
2644 130
2645 113
2646 109
2647 171
2648 101
2649 134
2650 175
2651 113
2652 136
2653 106
2654 181
2655 111
2656 117
2657 94
2658 96
2659 98
2660 100
2661 98
2662 104
2663 106
2664 100
2665 110
2666 112
2667 102
2668 116
2669 102
2670 100
2671 122
2672 124
2673 106
2674 104
2675 130
2676 108
2677 134
2678 136
2679 102
2680 106
2681 112
2682 146
2683 108
2684 114
2685 152
2686 154
2687 104
2688 110
2689 160
2690 118
2691 164
2692 166
2693 104
2694 110
2695 172
2696 102
2697 176
2698 114
2699 124
2700 182
2701 112
2702 126
2703 95
2704 96
2705 97
2706 97
2707 98
2708 101
2709 98
2710 99
2711 105
2712 99
2713 107
2714 102
2715 99
2716 111
2717 100
2718 103
2719 106
2720 117
2721 100
2722 108
2723 101
2724 103
2725 123
2726 125
2727 100
2728 107
2729 112
2730 101
2731 131
2732 109
2733 135
2734 104
2735 137
2736 107
2737 118
2738 141
2739 101
2740 107
2741 113
2742 109
2743 147
2744 102
2745 104
2746 124
2747 153
2748 155
2749 126
2750 105
2751 101
2752 108
2753 161
2754 113
2755 119
2756 165
2757 102
2758 167
2759 132
2760 111
2761 110
2762 173
2763 103
2764 136
2765 177
2766 105
2767 138
2768 125
2769 108
2770 183
2771 113
2772 119
2773 127
2774 142
2775 96
2776 100
2777 102
2778 106
2779 108
2780 112
2781 114
2782 118
2783 104
2784 124
2785 126
2786 106
2787 132
2788 136
2789 138
2790 142
2791 108
2792 148
2793 110
2794 154
2795 156
2796 112
2797 162
2798 166
2799 168
2800 112
2801 174
2802 178
2803 116
2804 184
2805 114
2806 118
2807 97
2808 98
2809 99
2810 99
2811 101
2812 100
2813 103
2814 100
2815 101
2816 102
2817 107
2818 101
2819 109
2820 104
2821 103
2822 101
2823 113
2824 102
2825 115
2826 103
2827 105
2828 108
2829 119
2830 102
2831 105
2832 110
2833 103
2834 105
2835 125
2836 104
2837 127
2838 102
2839 109
2840 114
2841 107
2842 103
2843 133
2844 116
2845 111
2846 104
2847 137
2848 106
2849 139
2850 109
2851 105
2852 120
2853 143
2854 103
2855 109
2856 106
2857 115
2858 111
2859 149
2860 104
2861 111
2862 106
2863 117
2864 126
2865 155
2866 105
2867 157
2868 128
2869 107
2870 103
2871 113
2872 110
2873 163
2874 115
2875 121
2876 108
2877 167
2878 104
2879 169
2880 134
2881 107
2882 117
2883 113
2884 112
2885 175
2886 105
2887 105
2888 138
2889 179
2890 107
2891 117
2892 140
2893 127
2894 110
2895 185
2896 106
2897 115
2898 121
2899 129
2900 144
2901 119
2902 104
2903 98
2904 100
2905 102
2906 102
2907 108
2908 110
2909 104
2910 114
2911 116
2912 120
2913 106
2914 104
2915 126
2916 128
2917 110
2918 134
2919 112
2920 138
2921 140
2922 106
2923 144
2924 116
2925 150
2926 112
2927 118
2928 156
2929 158
2930 114
2931 164
2932 122
2933 168
2934 170
2935 108
2936 176
2937 106
2938 180
2939 118
2940 128
2941 186
2942 130
2943 120
2944 194
2945 99
2946 100
2947 101
2948 103
2949 105
2950 102
2951 104
2952 111
2953 106
2954 103
2955 115
2956 117
2957 105
2958 121
2959 107
2960 112
2961 107
2962 127
2963 129
2964 104
2965 116
2966 109
2967 135
2968 118
2969 106
2970 139
2971 141
2972 122
2973 145
2974 111
2975 108
2976 113
2977 151
2978 108
2979 128
2980 157
2981 159
2982 130
2983 105
2984 115
2985 165
2986 117
2987 110
2988 169
2989 171
2990 136
2991 119
2992 177
2993 107
2994 140
2995 181
2996 119
2997 142
2998 187
2999 117
3000 123
3001 146
3002 121
3003 195
3004 112
3005 100
3006 102
3007 106
3008 104
3009 110
3010 112
3011 116
3012 118
3013 108
3014 122
3015 106
3016 128
3017 130
3018 112
3019 136
3020 114
3021 140
3022 142
3023 146
3024 112
3025 118
3026 152
3027 120
3028 158
3029 160
3030 110
3031 166
3032 124
3033 170
3034 172
3035 116
3036 178
3037 108
3038 182
3039 130
3040 188
3041 118
3042 132
3043 196
3044 114
3045 101
3046 102
3047 103
3048 103
3049 105
3050 104
3051 107
3052 104
3053 105
3054 106
3055 111
3056 105
3057 113
3058 108
3059 107
3060 105
3061 117
3062 106
3063 119
3064 107
3065 109
3066 112
3067 123
3068 106
3069 109
3070 114
3071 107
3072 109
3073 129
3074 108
3075 131
3076 106
3077 113
3078 118
3079 111
3080 107
3081 137
3082 120
3083 115
3084 108
3085 141
3086 110
3087 143
3088 113
3089 109
3090 124
3091 147
3092 107
3093 113
3094 110
3095 119
3096 115
3097 153
3098 108
3099 115
3100 110
3101 121
3102 130
3103 159
3104 109
3105 161
3106 132
3107 111
3108 107
3109 117
3110 114
3111 167
3112 119
3113 125
3114 112
3115 171
3116 108
3117 173
3118 138
3119 111
3120 121
3121 117
3122 116
3123 179
3124 109
3125 109
3126 142
3127 183
3128 111
3129 121
3130 144
3131 131
3132 114
3133 189
3134 110
3135 119
3136 125
3137 133
3138 148
3139 123
3140 108
3141 197
3142 114
3143 115
3144 111
3145 102
3146 106
3147 108
3148 112
3149 114
3150 120
3151 124
3152 110
3153 130
3154 132
3155 112
3156 138
3157 142
3158 144
3159 148
3160 114
3161 154
3162 116
3163 160
3164 162
3165 118
3166 168
3167 172
3168 174
3169 118
3170 180
3171 184
3172 190
3173 120
3174 124
3175 198
3176 202
3177 103
3178 104
3179 105
3180 105
3181 107
3182 106
3183 109
3184 106
3185 107
3186 108
3187 113
3188 107
3189 115
3190 110
3191 109
3192 107
3193 119
3194 108
3195 121
3196 109
3197 111
3198 114
3199 125
3200 108
3201 111
3202 116
3203 109
3204 111
3205 131
3206 110
3207 133
3208 108
3209 115
3210 120
3211 113
3212 109
3213 139
3214 122
3215 117
3216 110
3217 143
3218 112
3219 145
3220 115
3221 111
3222 126
3223 149
3224 109
3225 115
3226 112
3227 121
3228 117
3229 155
3230 110
3231 117
3232 112
3233 123
3234 132
3235 161
3236 111
3237 163
3238 134
3239 113
3240 109
3241 119
3242 116
3243 169
3244 121
3245 127
3246 114
3247 173
3248 110
3249 175
3250 140
3251 113
3252 123
3253 119
3254 118
3255 181
3256 111
3257 111
3258 144
3259 185
3260 113
3261 123
3262 146
3263 133
3264 116
3265 191
3266 112
3267 121
3268 127
3269 135
3270 150
3271 125
3272 110
3273 199
3274 116
3275 117
3276 113
3277 203
3278 122
3279 104
3280 106
3281 108
3282 110
3283 108
3284 114
3285 110
3286 120
3287 122
3288 112
3289 126
3290 112
3291 110
3292 132
3293 134
3294 116
3295 114
3296 140
3297 144
3298 146
3299 112
3300 150
3301 116
3302 122
3303 156
3304 118
3305 124
3306 162
3307 164
3308 114
3309 170
3310 128
3311 174
3312 176
3313 114
3314 120
3315 182
3316 112
3317 186
3318 124
3319 134
3320 192
3321 136
3322 126
3323 200
3324 118
3325 204
3326 206
3327 105
3328 106
3329 107
3330 108
3331 115
3332 117
3333 109
3334 121
3335 123
3336 116
3337 127
3338 118
3339 133
3340 135
3341 110
3342 122
3343 141
3344 124
3345 145
3346 147
3347 117
3348 128
3349 151
3350 119
3351 157
3352 134
3353 163
3354 165
3355 136
3356 111
3357 171
3358 123
3359 175
3360 177
3361 142
3362 125
3363 183
3364 146
3365 187
3366 148
3367 118
3368 193
3369 129
3370 152
3371 201
3372 205
3373 207
3374 120
3375 106
3376 108
3377 110
3378 112
3379 110
3380 116
3381 118
3382 112
3383 122
3384 124
3385 114
3386 128
3387 114
3388 112
3389 134
3390 136
3391 118
3392 116
3393 142
3394 120
3395 146
3396 148
3397 114
3398 152
3399 118
3400 124
3401 120
3402 126
3403 164
3404 166
3405 116
3406 122
3407 172
3408 130
3409 176
3410 178
3411 116
3412 122
3413 184
3414 114
3415 188
3416 126
3417 136
3418 194
3419 124
3420 138
3421 128
3422 202
3423 120
3424 206
3425 208
3426 118
3427 107
3428 108
3429 109
3430 109
3431 111
3432 110
3433 113
3434 110
3435 111
3436 112
3437 117
3438 111
3439 119
3440 114
3441 113
3442 111
3443 123
3444 112
3445 125
3446 113
3447 115
3448 118
3449 129
3450 112
3451 115
3452 120
3453 113
3454 115
3455 135
3456 114
3457 137
3458 112
3459 119
3460 124
3461 117
3462 113
3463 143
3464 126
3465 121
3466 114
3467 147
3468 116
3469 149
3470 119
3471 115
3472 130
3473 153
3474 113
3475 119
3476 116
3477 125
3478 121
3479 159
3480 114
3481 121
3482 116
3483 127
3484 136
3485 165
3486 115
3487 167
3488 138
3489 117
3490 113
3491 123
3492 120
3493 173
3494 125
3495 131
3496 118
3497 177
3498 114
3499 179
3500 144
3501 117
3502 127
3503 123
3504 122
3505 185
3506 115
3507 115
3508 148
3509 189
3510 117
3511 127
3512 150
3513 137
3514 120
3515 195
3516 116
3517 125
3518 131
3519 139
3520 154
3521 129
3522 114
3523 203
3524 120
3525 121
3526 117
3527 207
3528 126
3529 209
3530 122
3531 119
3532 160
3533 108
3534 112
3535 114
3536 118
3537 120
3538 124
3539 126
3540 130
3541 116
3542 136
3543 138
3544 118
3545 144
3546 148
3547 150
3548 154
3549 120
3550 160
3551 122
3552 166
3553 168
3554 124
3555 174
3556 178
3557 180
3558 124
3559 186
3560 190
3561 128
3562 196
3563 126
3564 130
3565 204
3566 208
3567 210
3568 214
3569 109
3570 110
3571 111
3572 111
3573 113
3574 112
3575 115
3576 112
3577 113
3578 114
3579 119
3580 113
3581 121
3582 116
3583 115
3584 113
3585 125
3586 114
3587 127
3588 115
3589 117
3590 120
3591 131
3592 114
3593 117
3594 122
3595 115
3596 117
3597 137
3598 116
3599 139
3600 114
3601 121
3602 126
3603 119
3604 115
3605 145
3606 128
3607 123
3608 116
3609 149
3610 118
3611 151
3612 121
3613 117
3614 132
3615 155
3616 115
3617 121
3618 118
3619 127
3620 123
3621 161
3622 116
3623 123
3624 118
3625 129
3626 138
3627 167
3628 117
3629 169
3630 140
3631 119
3632 115
3633 125
3634 122
3635 175
3636 127
3637 133
3638 120
3639 179
3640 116
3641 181
3642 146
3643 119
3644 129
3645 125
3646 124
3647 187
3648 117
3649 117
3650 150
3651 191
3652 119
3653 129
3654 152
3655 139
3656 122
3657 197
3658 118
3659 127
3660 133
3661 141
3662 156
3663 131
3664 116
3665 205
3666 122
3667 123
3668 119
3669 209
3670 128
3671 211
3672 124
3673 121
3674 162
3675 215
3676 117
3677 110
3678 112
3679 116
3680 114
3681 122
3682 126
3683 128
3684 118
3685 132
3686 116
3687 138
3688 140
3689 146
3690 124
3691 150
3692 152
3693 156
3694 122
3695 128
3696 162
3697 130
3698 168
3699 170
3700 120
3701 176
3702 134
3703 180
3704 182
3705 188
3706 118
3707 192
3708 140
3709 198
3710 128
3711 142
3712 206
3713 210
3714 212
3715 216
3716 218
3717 111
3718 112
3719 113
3720 115
3721 117
3722 114
3723 116
3724 121
3725 123
3726 118
3727 115
3728 127
3729 129
3730 117
3731 122
3732 133
3733 119
3734 124
3735 119
3736 139
3737 141
3738 116
3739 128
3740 121
3741 130
3742 118
3743 151
3744 153
3745 123
3746 134
3747 157
3748 123
3749 120
3750 125
3751 163
3752 125
3753 120
3754 140
3755 169
3756 171
3757 142
3758 117
3759 127
3760 177
3761 129
3762 122
3763 181
3764 183
3765 131
3766 127
3767 189
3768 119
3769 152
3770 193
3771 131
3772 154
3773 124
3774 199
3775 129
3776 135
3777 158
3778 133
3779 207
3780 124
3781 121
3782 211
3783 213
3784 126
3785 164
3786 217
3787 219
3788 126
3789 112
3790 114
3791 116
3792 116
3793 122
3794 124
3795 118
3796 128
3797 130
3798 134
3799 120
3800 118
3801 140
3802 142
3803 124
3804 148
3805 126
3806 152
3807 154
3808 120
3809 158
3810 130
3811 164
3812 126
3813 132
3814 170
3815 172
3816 128
3817 178
3818 136
3819 182
3820 184
3821 122
3822 190
3823 120
3824 194
3825 132
3826 142
3827 200
3828 144
3829 134
3830 208
3831 126
3832 212
3833 214
3834 218
3835 220
3836 150
3837 113
3838 114
3839 115
3840 115
3841 117
3842 116
3843 119
3844 116
3845 117
3846 118
3847 123
3848 117
3849 125
3850 120
3851 119
3852 117
3853 129
3854 118
3855 131
3856 119
3857 121
3858 124
3859 135
3860 118
3861 121
3862 126
3863 119
3864 121
3865 141
3866 120
3867 143
3868 118
3869 125
3870 130
3871 123
3872 119
3873 149
3874 132
3875 127
3876 120
3877 153
3878 122
3879 155
3880 125
3881 121
3882 136
3883 159
3884 119
3885 125
3886 122
3887 131
3888 127
3889 165
3890 120
3891 127
3892 122
3893 133
3894 142
3895 171
3896 121
3897 173
3898 144
3899 123
3900 119
3901 129
3902 126
3903 179
3904 131
3905 137
3906 124
3907 183
3908 120
3909 185
3910 150
3911 123
3912 133
3913 129
3914 128
3915 191
3916 121
3917 121
3918 154
3919 195
3920 123
3921 133
3922 156
3923 143
3924 126
3925 201
3926 122
3927 131
3928 137
3929 145
3930 160
3931 135
3932 120
3933 209
3934 126
3935 127
3936 123
3937 213
3938 132
3939 215
3940 128
3941 125
3942 166
3943 219
3944 121
3945 221
3946 128
3947 151
3948 123
3949 114
3950 118
3951 120
3952 124
3953 126
3954 130
3955 136
3956 122
3957 142
3958 144
3959 124
3960 150
3961 154
3962 156
3963 160
3964 126
3965 166
3966 128
3967 172
3968 174
3969 130
3970 180
3971 184
3972 186
3973 130
3974 192
3975 196
3976 134
3977 202
3978 132
3979 210
3980 214
3981 216
3982 220
3983 222
3984 226
3985 115
3986 116
3987 117
3988 117
3989 118
3990 121
3991 118
3992 119
3993 125
3994 119
3995 127
3996 122
3997 119
3998 131
3999 120
4000 133
4001 123
4002 126
4003 120
4004 128
4005 121
4006 123
4007 143
4008 145
4009 120
4010 127
4011 132
4012 121
4013 151
4014 134
4015 129
4016 155
4017 124
4018 157
4019 127
4020 161
4021 121
4022 127
4023 133
4024 129
4025 167
4026 122
4027 124
4028 135
4029 144
4030 173
4031 175
4032 146
4033 125
4034 121
4035 128
4036 181
4037 133
4038 185
4039 122
4040 187
4041 152
4042 135
4043 131
4044 130
4045 193
4046 123
4047 156
4048 197
4049 125
4050 158
4051 145
4052 128
4053 203
4054 133
4055 147
4056 162
4057 122
4058 211
4059 128
4060 129
4061 215
4062 134
4063 217
4064 130
4065 168
4066 221
4067 123
4068 223
4069 153
4070 125
4071 227
4072 136
4073 116
4074 118
4075 120
4076 122
4077 120
4078 126
4079 128
4080 122
4081 132
4082 134
4083 124
4084 138
4085 124
4086 122
4087 146
4088 128
4089 126
4090 152
4091 130
4092 156
4093 158
4094 124
4095 162
4096 128
4097 134
4098 168
4099 130
4100 136
4101 174
4102 176
4103 126
4104 132
4105 182
4106 140
4107 186
4108 188
4109 126
4110 132
4111 194
4112 124
4113 198
4114 136
4115 204
4116 134
4117 148
4118 138
4119 212
4120 130
4121 216
4122 218
4123 128
4124 222
4125 224
4126 154
4127 228
4128 142
4129 117
4130 118
4131 119
4132 121
4133 123
4134 120
4135 122
4136 127
4137 124
4138 121
4139 133
4140 135
4141 123
4142 128
4143 139
4144 125
4145 125
4146 145
4147 147
4148 122
4149 134
4150 127
4151 153
4152 136
4153 124
4154 157
4155 159
4156 129
4157 140
4158 163
4159 129
4160 126
4161 169
4162 131
4163 126
4164 146
4165 175
4166 177
4167 148
4168 123
4169 183
4170 135
4171 128
4172 187
4173 189
4174 154
4175 137
4176 133
4177 195
4178 125
4179 158
4180 199
4181 137
4182 160
4183 130
4184 205
4185 141
4186 164
4187 139
4188 213
4189 130
4190 127
4191 217
4192 219
4193 170
4194 223
4195 225
4196 132
4197 127
4198 229
4199 143
4200 147
4201 118
4202 120
4203 122
4204 124
4205 122
4206 128
4207 130
4208 124
4209 134
4210 136
4211 126
4212 140
4213 126
4214 124
4215 146
4216 148
4217 130
4218 128
4219 154
4220 132
4221 158
4222 160
4223 126
4224 164
4225 130
4226 136
4227 170
4228 132
4229 138
4230 178
4231 128
4232 134
4233 184
4234 142
4235 188
4236 190
4237 128
4238 134
4239 196
4240 126
4241 200
4242 138
4243 148
4244 206
4245 136
4246 150
4247 140
4248 214
4249 132
4250 218
4251 220
4252 130
4253 224
4254 226
4255 156
4256 230
4257 144
4258 134
4259 119
4260 120
4261 121
4262 121
4263 123
4264 122
4265 122
4266 123
4267 124
4268 129
4269 123
4270 131
4271 125
4272 123
4273 124
4274 137
4275 125
4276 130
4277 141
4278 124
4279 127
4280 132
4281 125
4282 147
4283 126
4284 149
4285 124
4286 131
4287 125
4288 155
4289 138
4290 133
4291 126
4292 159
4293 161
4294 131
4295 127
4296 142
4297 165
4298 125
4299 128
4300 133
4301 171
4302 126
4303 133
4304 139
4305 148
4306 177
4307 127
4308 179
4309 150
4310 125
4311 135
4312 132
4313 185
4314 143
4315 189
4316 126
4317 191
4318 156
4319 129
4320 139
4321 134
4322 197
4323 127
4324 127
4325 160
4326 201
4327 162
4328 149
4329 132
4330 207
4331 128
4332 143
4333 151
4334 166
4335 141
4336 126
4337 215
4338 133
4339 129
4340 219
4341 221
4342 134
4343 172
4344 225
4345 127
4346 227
4347 134
4348 157
4349 231
4350 140
4351 145
4352 149
4353 135
4354 178
4355 120
4356 126
4357 130
4358 132
4359 136
4360 138
4361 142
4362 148
4363 150
4364 156
4365 160
4366 162
4367 166
4368 132
4369 172
4370 178
4371 180
4372 186
4373 190
4374 192
4375 136
4376 198
4377 202
4378 208
4379 138
4380 216
4381 220
4382 222
4383 226
4384 228
4385 232
4386 142
4387 121
4388 122
4389 123
4390 123
4391 125
4392 124
4393 127
4394 124
4395 125
4396 126
4397 125
4398 133
4399 128
4400 127
4401 125
4402 137
4403 126
4404 139
4405 127
4406 129
4407 143
4408 126
4409 129
4410 134
4411 127
4412 129
4413 149
4414 128
4415 151
4416 126
4417 138
4418 131
4419 127
4420 157
4421 140
4422 135
4423 128
4424 161
4425 130
4426 163
4427 129
4428 144
4429 167
4430 127
4431 133
4432 130
4433 139
4434 135
4435 173
4436 128
4437 130
4438 141
4439 150
4440 179
4441 129
4442 181
4443 152
4444 131
4445 127
4446 137
4447 187
4448 139
4449 145
4450 132
4451 191
4452 128
4453 193
4454 158
4455 131
4456 141
4457 136
4458 199
4459 129
4460 129
4461 162
4462 203
4463 131
4464 141
4465 164
4466 151
4467 209
4468 130
4469 139
4470 145
4471 153
4472 168
4473 143
4474 128
4475 217
4476 134
4477 131
4478 221
4479 140
4480 223
4481 136
4482 133
4483 174
4484 227
4485 129
4486 229
4487 159
4488 131
4489 233
4490 142
4491 147
4492 151
4493 137
4494 180
4495 143
4496 130
4497 122
4498 124
4499 126
4500 128
4501 126
4502 132
4503 134
4504 128
4505 138
4506 140
4507 130
4508 144
4509 130
4510 128
4511 150
4512 152
4513 134
4514 132
4515 158
4516 136
4517 162
4518 164
4519 130
4520 168
4521 134
4522 140
4523 174
4524 136
4525 142
4526 180
4527 132
4528 138
4529 188
4530 146
4531 192
4532 194
4533 132
4534 138
4535 200
4536 130
4537 204
4538 142
4539 152
4540 210
4541 140
4542 154
4543 144
4544 218
4545 136
4546 222
4547 224
4548 134
4549 228
4550 230
4551 160
4552 234
4553 148
4554 138
4555 144
4556 142
4557 123
4558 124
4559 125
4560 127
4561 129
4562 126
4563 128
4564 133
4565 135
4566 130
4567 127
4568 139
4569 141
4570 129
4571 134
4572 145
4573 131
4574 136
4575 131
4576 151
4577 153
4578 128
4579 140
4580 133
4581 159
4582 142
4583 130
4584 165
4585 135
4586 146
4587 169
4588 135
4589 132
4590 137
4591 175
4592 137
4593 132
4594 152
4595 181
4596 183
4597 154
4598 129
4599 139
4600 189
4601 141
4602 134
4603 193
4604 195
4605 160
4606 143
4607 139
4608 201
4609 131
4610 205
4611 143
4612 166
4613 136
4614 211
4615 141
4616 147
4617 170
4618 145
4619 219
4620 136
4621 133
4622 223
4623 225
4624 138
4625 176
4626 229
4627 231
4628 138
4629 133
4630 235
4631 149
4632 153
4633 182
4634 145
4635 143
4636 184
4637 124
4638 126
4639 128
4640 130
4641 128
4642 134
4643 136
4644 130
4645 140
4646 142
4647 132
4648 146
4649 132
4650 130
4651 152
4652 136
4653 134
4654 160
4655 138
4656 164
4657 166
4658 132
4659 170
4660 136
4661 142
4662 176
4663 138
4664 144
4665 182
4666 184
4667 134
4668 140
4669 190
4670 148
4671 194
4672 196
4673 134
4674 140
4675 202
4676 132
4677 206
4678 144
4679 154
4680 212
4681 142
4682 146
4683 220
4684 138
4685 224
4686 226
4687 136
4688 230
4689 232
4690 162
4691 236
4692 150
4693 140
4694 146
4695 144
4696 166
4697 125
4698 126
4699 127
4700 127
4701 128
4702 131
4703 128
4704 129
4705 135
4706 129
4707 137
4708 132
4709 129
4710 141
4711 130
4712 143
4713 133
4714 136
4715 147
4716 130
4717 138
4718 131
4719 133
4720 153
4721 155
4722 130
4723 137
4724 142
4725 131
4726 161
4727 144
4728 139
4729 165
4730 134
4731 167
4732 137
4733 148
4734 171
4735 131
4736 137
4737 143
4738 139
4739 177
4740 132
4741 134
4742 145
4743 154
4744 183
4745 185
4746 156
4747 135
4748 131
4749 138
4750 191
4751 143
4752 149
4753 195
4754 132
4755 197
4756 162
4757 145
4758 141
4759 140
4760 203
4761 133
4762 166
4763 207
4764 135
4765 168
4766 155
4767 138
4768 213
4769 143
4770 149
4771 157
4772 172
4773 132
4774 221
4775 138
4776 139
4777 225
4778 144
4779 227
4780 140
4781 178
4782 231
4783 133
4784 233
4785 163
4786 135
4787 237
4788 146
4789 155
4790 141
4791 184
4792 147
4793 145
4794 186
4795 167
4796 157
4797 126
4798 130
4799 136
4800 138
4801 142
4802 144
4803 148
4804 134
4805 154
4806 156
4807 162
4808 166
4809 168
4810 172
4811 178
4812 140
4813 184
4814 186
4815 142
4816 192
4817 196
4818 198
4819 204
4820 208
4821 146
4822 214
4823 148
4824 222
4825 226
4826 228
4827 232
4828 234
4829 238
4830 152
4831 146
4832 138
4833 127
4834 128
4835 129
4836 129
4837 131
4838 130
4839 133
4840 130
4841 131
4842 132
4843 137
4844 131
4845 139
4846 134
4847 133
4848 131
4849 143
4850 132
4851 145
4852 133
4853 135
4854 138
4855 149
4856 132
4857 135
4858 140
4859 133
4860 135
4861 155
4862 134
4863 157
4864 132
4865 139
4866 144
4867 137
4868 133
4869 163
4870 146
4871 141
4872 134
4873 167
4874 136
4875 169
4876 139
4877 135
4878 150
4879 173
4880 133
4881 139
4882 136
4883 145
4884 141
4885 179
4886 134
4887 141
4888 136
4889 147
4890 156
4891 185
4892 135
4893 187
4894 158
4895 137
4896 133
4897 143
4898 140
4899 193
4900 145
4901 151
4902 138
4903 197
4904 134
4905 199
4906 164
4907 137
4908 147
4909 143
4910 142
4911 205
4912 135
4913 135
4914 168
4915 209
4916 137
4917 147
4918 170
4919 157
4920 140
4921 215
4922 136
4923 145
4924 151
4925 159
4926 174
4927 149
4928 134
4929 223
4930 140
4931 141
4932 137
4933 227
4934 146
4935 229
4936 142
4937 139
4938 180
4939 233
4940 135
4941 235
4942 142
4943 165
4944 137
4945 239
4946 148
4947 153
4948 157
4949 143
4950 186
4951 149
4952 136
4953 147
4954 188
4955 169
4956 159
4957 139
4958 138
4959 128
4960 130
4961 132
4962 134
4963 132
4964 138
4965 140
4966 134
4967 144
4968 146
4969 136
4970 150
4971 136
4972 134
4973 156
4974 158
4975 140
4976 138
4977 164
4978 142
4979 168
4980 170
4981 136
4982 174
4983 140
4984 146
4985 180
4986 142
4987 148
4988 186
4989 188
4990 138
4991 144
4992 194
4993 152
4994 198
4995 200
4996 138
4997 144
4998 206
4999 136
5000 210
5001 148
5002 158
5003 216
5004 146
5005 160
5006 150
5007 224
5008 142
5009 228
5010 230
5011 140
5012 234
5013 236
5014 166
5015 240
5016 154
5017 144
5018 150
5019 148
5020 170
5021 140
5022 254
5023 129
5024 130
5025 131
5026 133
5027 135
5028 132
5029 134
5030 139
5031 141
5032 136
5033 133
5034 145
5035 147
5036 135
5037 140
5038 151
5039 137
5040 142
5041 137
5042 157
5043 159
5044 134
5045 146
5046 139
5047 165
5048 148
5049 136
5050 169
5051 141
5052 152
5053 175
5054 141
5055 138
5056 143
5057 181
5058 143
5059 138
5060 158
5061 187
5062 189
5063 160
5064 135
5065 145
5066 195
5067 147
5068 140
5069 199
5070 201
5071 166
5072 149
5073 145
5074 207
5075 137
5076 170
5077 211
5078 149
5079 142
5080 217
5081 147
5082 153
5083 176
5084 151
5085 225
5086 142
5087 139
5088 229
5089 231
5090 144
5091 182
5092 235
5093 237
5094 144
5095 139
5096 241
5097 155
5098 159
5099 188
5100 151
5101 149
5102 190
5103 161
5104 141
5105 255
5106 136
5107 130
5108 132
5109 136
5110 134
5111 140
5112 146
5113 148
5114 138
5115 152
5116 136
5117 158
5118 160
5119 142
5120 166
5121 170
5122 172
5123 176
5124 142
5125 148
5126 182
5127 150
5128 188
5129 190
5130 140
5131 196
5132 154
5133 200
5134 202
5135 146
5136 208
5137 138
5138 212
5139 160
5140 218
5141 162
5142 226
5143 144
5144 230
5145 232
5146 236
5147 238
5148 168
5149 242
5150 152
5151 150
5152 172
5153 256
5154 174
5155 131
5156 132
5157 133
5158 133
5159 135
5160 134
5161 137
5162 134
5163 135
5164 136
5165 141
5166 135
5167 143
5168 138
5169 137
5170 135
5171 147
5172 136
5173 149
5174 137
5175 139
5176 142
5177 153
5178 136
5179 139
5180 144
5181 137
5182 139
5183 159
5184 138
5185 161
5186 136
5187 143
5188 148
5189 141
5190 137
5191 167
5192 150
5193 145
5194 138
5195 171
5196 140
5197 173
5198 143
5199 139
5200 154
5201 177
5202 137
5203 143
5204 140
5205 149
5206 145
5207 183
5208 138
5209 145
5210 140
5211 151
5212 160
5213 189
5214 139
5215 191
5216 162
5217 141
5218 137
5219 147
5220 144
5221 197
5222 149
5223 155
5224 142
5225 201
5226 138
5227 203
5228 168
5229 141
5230 151
5231 147
5232 146
5233 209
5234 139
5235 139
5236 172
5237 213
5238 141
5239 151
5240 174
5241 161
5242 144
5243 219
5244 140
5245 149
5246 155
5247 163
5248 178
5249 153
5250 138
5251 227
5252 144
5253 145
5254 141
5255 231
5256 150
5257 233
5258 146
5259 143
5260 184
5261 237
5262 139
5263 239
5264 146
5265 169
5266 141
5267 243
5268 152
5269 157
5270 161
5271 147
5272 190
5273 153
5274 140
5275 151
5276 192
5277 173
5278 163
5279 143
5280 142
5281 257
5282 138
5283 175
5284 148
5285 132
5286 136
5287 138
5288 144
5289 148
5290 150
5291 154
5292 140
5293 160
5294 162
5295 142
5296 168
5297 172
5298 174
5299 178
5300 144
5301 184
5302 190
5303 192
5304 148
5305 198
5306 202
5307 204
5308 210
5309 214
5310 152
5311 220
5312 150
5313 154
5314 228
5315 232
5316 234
5317 238
5318 240
5319 244
5320 158
5321 154
5322 144
5323 258
5324 262
5325 133
5326 134
5327 135
5328 135
5329 137
5330 136
5331 136
5332 137
5333 138
5334 143
5335 137
5336 145
5337 139
5338 137
5339 149
5340 138
5341 139
5342 144
5343 155
5344 138
5345 141
5346 146
5347 139
5348 161
5349 140
5350 163
5351 138
5352 145
5353 150
5354 139
5355 169
5356 147
5357 140
5358 173
5359 175
5360 145
5361 141
5362 156
5363 179
5364 139
5365 142
5366 151
5367 147
5368 185
5369 140
5370 147
5371 162
5372 191
5373 141
5374 193
5375 164
5376 139
5377 149
5378 146
5379 199
5380 151
5381 157
5382 203
5383 140
5384 205
5385 170
5386 143
5387 148
5388 211
5389 141
5390 141
5391 174
5392 215
5393 153
5394 176
5395 163
5396 146
5397 221
5398 142
5399 157
5400 165
5401 180
5402 140
5403 229
5404 147
5405 143
5406 233
5407 152
5408 235
5409 148
5410 186
5411 239
5412 141
5413 241
5414 148
5415 171
5416 245
5417 159
5418 163
5419 149
5420 192
5421 142
5422 153
5423 194
5424 175
5425 165
5426 145
5427 259
5428 140
5429 177
5430 150
5431 263
5432 147
5433 134
5434 136
5435 138
5436 140
5437 138
5438 144
5439 146
5440 140
5441 150
5442 152
5443 142
5444 156
5445 142
5446 140
5447 162
5448 164
5449 146
5450 144
5451 170
5452 148
5453 174
5454 176
5455 142
5456 180
5457 146
5458 152
5459 186
5460 148
5461 154
5462 192
5463 194
5464 144
5465 150
5466 158
5467 204
5468 206
5469 144
5470 150
5471 212
5472 142
5473 216
5474 154
5475 164
5476 222
5477 152
5478 166
5479 156
5480 230
5481 148
5482 234
5483 236
5484 146
5485 240
5486 242
5487 172
5488 246
5489 160
5490 150
5491 156
5492 154
5493 176
5494 146
5495 260
5496 178
5497 264
5498 158
5499 135
5500 136
5501 137
5502 141
5503 138
5504 145
5505 147
5506 142
5507 139
5508 151
5509 153
5510 146
5511 157
5512 148
5513 143
5514 163
5515 165
5516 140
5517 152
5518 171
5519 154
5520 175
5521 177
5522 147
5523 158
5524 181
5525 147
5526 149
5527 187
5528 144
5529 164
5530 193
5531 195
5532 166
5533 141
5534 201
5535 153
5536 205
5537 207
5538 172
5539 155
5540 151
5541 213
5542 176
5543 217
5544 178
5545 148
5546 223
5547 153
5548 159
5549 182
5550 231
5551 148
5552 235
5553 237
5554 150
5555 188
5556 241
5557 243
5558 145
5559 247
5560 165
5561 194
5562 157
5563 155
5564 196
5565 167
5566 261
5567 142
5568 265
5569 159
5570 202
5571 136
5572 138
5573 140
5574 142
5575 140
5576 146
5577 148
5578 142
5579 154
5580 144
5581 158
5582 144
5583 142
5584 164
5585 166
5586 148
5587 146
5588 172
5589 150
5590 176
5591 178
5592 144
5593 182
5594 148
5595 188
5596 150
5597 156
5598 194
5599 196
5600 146
5601 152
5602 202
5603 160
5604 206
5605 208
5606 146
5607 152
5608 214
5609 144
5610 218
5611 166
5612 224
5613 154
5614 168
5615 158
5616 232
5617 150
5618 236
5619 238
5620 148
5621 242
5622 244
5623 174
5624 248
5625 162
5626 152
5627 156
5628 178
5629 148
5630 262
5631 180
5632 266
5633 160
5634 146
5635 137
5636 138
5637 139
5638 139
5639 141
5640 140
5641 143
5642 140
5643 141
5644 142
5645 147
5646 141
5647 149
5648 144
5649 143
5650 141
5651 153
5652 142
5653 155
5654 143
5655 145
5656 148
5657 159
5658 142
5659 145
5660 150
5661 143
5662 145
5663 165
5664 144
5665 167
5666 142
5667 149
5668 154
5669 147
5670 143
5671 173
5672 156
5673 151
5674 144
5675 177
5676 146
5677 179
5678 149
5679 145
5680 160
5681 183
5682 143
5683 149
5684 146
5685 155
5686 151
5687 189
5688 144
5689 151
5690 146
5691 157
5692 166
5693 195
5694 145
5695 197
5696 168
5697 147
5698 143
5699 153
5700 150
5701 203
5702 155
5703 161
5704 148
5705 207
5706 144
5707 209
5708 174
5709 147
5710 157
5711 153
5712 152
5713 215
5714 145
5715 145
5716 178
5717 219
5718 147
5719 157
5720 180
5721 167
5722 150
5723 225
5724 146
5725 155
5726 161
5727 169
5728 184
5729 159
5730 144
5731 233
5732 150
5733 151
5734 147
5735 237
5736 156
5737 239
5738 152
5739 149
5740 190
5741 243
5742 145
5743 245
5744 152
5745 175
5746 147
5747 249
5748 158
5749 163
5750 167
5751 153
5752 196
5753 159
5754 146
5755 157
5756 198
5757 179
5758 169
5759 149
5760 148
5761 263
5762 144
5763 181
5764 154
5765 267
5766 151
5767 161
5768 204
5769 147
5770 156
5771 138
5772 142
5773 144
5774 148
5775 150
5776 154
5777 156
5778 146
5779 166
5780 168
5781 148
5782 174
5783 178
5784 180
5785 184
5786 150
5787 190
5788 152
5789 196
5790 198
5791 154
5792 204
5793 208
5794 210
5795 154
5796 216
5797 220
5798 158
5799 226
5800 156
5801 160
5802 234
5803 238
5804 240
5805 244
5806 246
5807 250
5808 160
5809 158
5810 150
5811 264
5812 268
5813 162
5814 274
5815 139
5816 140
5817 141
5818 141
5819 143
5820 142
5821 145
5822 142
5823 143
5824 144
5825 149
5826 143
5827 151
5828 146
5829 145
5830 143
5831 155
5832 144
5833 157
5834 145
5835 147
5836 150
5837 161
5838 144
5839 147
5840 152
5841 145
5842 147
5843 167
5844 146
5845 169
5846 144
5847 151
5848 156
5849 149
5850 145
5851 175
5852 158
5853 153
5854 146
5855 179
5856 148
5857 181
5858 151
5859 147
5860 162
5861 185
5862 145
5863 151
5864 148
5865 157
5866 153
5867 191
5868 146
5869 153
5870 148
5871 159
5872 168
5873 197
5874 147
5875 199
5876 170
5877 149
5878 145
5879 155
5880 152
5881 205
5882 157
5883 163
5884 150
5885 209
5886 146
5887 211
5888 176
5889 149
5890 159
5891 155
5892 154
5893 217
5894 147
5895 147
5896 180
5897 221
5898 149
5899 159
5900 182
5901 169
5902 152
5903 227
5904 148
5905 157
5906 163
5907 171
5908 186
5909 161
5910 146
5911 235
5912 152
5913 153
5914 149
5915 239
5916 158
5917 241
5918 154
5919 151
5920 192
5921 245
5922 147
5923 247
5924 154
5925 177
5926 149
5927 251
5928 160
5929 165
5930 169
5931 155
5932 198
5933 161
5934 148
5935 159
5936 200
5937 181
5938 171
5939 151
5940 150
5941 265
5942 146
5943 183
5944 156
5945 269
5946 153
5947 163
5948 206
5949 149
5950 158
5951 275
5952 164
5953 140
5954 142
5955 144
5956 150
5957 152
5958 156
5959 158
5960 162
5961 146
5962 168
5963 170
5964 152
5965 176
5966 154
5967 180
5968 182
5969 186
5970 158
5971 192
5972 160
5973 198
5974 200
5975 206
5976 164
5977 210
5978 212
5979 218
5980 148
5981 222
5982 170
5983 228
5984 172
5985 236
5986 154
5987 240
5988 242
5989 246
5990 248
5991 178
5992 252
5993 156
5994 160
5995 182
5996 266
5997 184
5998 270
5999 276
6000 278
6001 141
6002 142
6003 143
6004 145
6005 147
6006 144
6007 146
6008 151
6009 153
6010 148
6011 145
6012 157
6013 159
6014 147
6015 152
6016 163
6017 149
6018 154
6019 149
6020 169
6021 171
6022 146
6023 158
6024 151
6025 177
6026 160
6027 148
6028 181
6029 183
6030 153
6031 164
6032 153
6033 150
6034 155
6035 193
6036 155
6037 150
6038 170
6039 199
6040 201
6041 172
6042 147
6043 157
6044 207
6045 159
6046 152
6047 211
6048 213
6049 178
6050 161
6051 157
6052 219
6053 149
6054 182
6055 223
6056 161
6057 184
6058 154
6059 229
6060 159
6061 165
6062 163
6063 237
6064 154
6065 151
6066 241
6067 243
6068 156
6069 194
6070 247
6071 249
6072 156
6073 151
6074 253
6075 167
6076 171
6077 200
6078 163
6079 161
6080 202
6081 173
6082 153
6083 267
6084 148
6085 158
6086 271
6087 165
6088 208
6089 160
6090 277
6091 279
6092 153
6093 142
6094 144
6095 146
6096 148
6097 146
6098 152
6099 154
6100 148
6101 158
6102 160
6103 150
6104 164
6105 150
6106 148
6107 170
6108 172
6109 154
6110 152
6111 178
6112 156
6113 182
6114 184
6115 150
6116 188
6117 154
6118 160
6119 194
6120 156
6121 162
6122 200
6123 202
6124 152
6125 158
6126 208
6127 166
6128 214
6129 152
6130 158
6131 220
6132 150
6133 224
6134 162
6135 172
6136 230
6137 160
6138 174
6139 164
6140 238
6141 156
6142 242
6143 244
6144 154
6145 248
6146 250
6147 180
6148 254
6149 168
6150 158
6151 164
6152 162
6153 184
6154 154
6155 268
6156 186
6157 272
6158 166
6159 152
6160 278
6161 280
6162 190
6163 143
6164 144
6165 145
6166 145
6167 147
6168 146
6169 149
6170 146
6171 147
6172 148
6173 147
6174 150
6175 149
6176 147
6177 159
6178 148
6179 161
6180 149
6181 151
6182 165
6183 148
6184 151
6185 149
6186 151
6187 171
6188 150
6189 173
6190 148
6191 160
6192 153
6193 149
6194 179
6195 162
6196 150
6197 183
6198 152
6199 185
6200 151
6201 166
6202 189
6203 149
6204 155
6205 152
6206 161
6207 195
6208 150
6209 152
6210 163
6211 172
6212 201
6213 151
6214 203
6215 174
6216 153
6217 149
6218 209
6219 161
6220 167
6221 154
6222 213
6223 150
6224 215
6225 180
6226 153
6227 163
6228 221
6229 151
6230 151
6231 184
6232 225
6233 153
6234 163
6235 186
6236 173
6237 231
6238 152
6239 167
6240 175
6241 190
6242 165
6243 150
6244 239
6245 156
6246 153
6247 243
6248 162
6249 245
6250 155
6251 196
6252 249
6253 151
6254 251
6255 181
6256 153
6257 255
6258 164
6259 169
6260 173
6261 202
6262 165
6263 152
6264 204
6265 185
6266 175
6267 155
6268 154
6269 269
6270 150
6271 187
6272 273
6273 167
6274 210
6275 153
6276 162
6277 279
6278 168
6279 281
6280 155
6281 191
6282 214
6283 144
6284 148
6285 150
6286 154
6287 156
6288 160
6289 162
6290 166
6291 152
6292 172
6293 174
6294 154
6295 180
6296 184
6297 186
6298 190
6299 156
6300 196
6301 158
6302 202
6303 204
6304 160
6305 210
6306 214
6307 216
6308 160
6309 222
6310 226
6311 164
6312 232
6313 162
6314 166
6315 240
6316 244
6317 246
6318 250
6319 252
6320 256
6321 170
6322 166
6323 164
6324 156
6325 270
6326 274
6327 168
6328 280
6329 282
6330 166
6331 145
6332 146
6333 147
6334 147
6335 148
6336 151
6337 148
6338 149
6339 155
6340 149
6341 157
6342 152
6343 149
6344 161
6345 150
6346 163
6347 153
6348 156
6349 167
6350 150
6351 158
6352 151
6353 153
6354 175
6355 150
6356 157
6357 162
6358 151
6359 181
6360 164
6361 159
6362 185
6363 154
6364 187
6365 157
6366 168
6367 191
6368 151
6369 157
6370 163
6371 159
6372 197
6373 152
6374 154
6375 165
6376 203
6377 205
6378 176
6379 155
6380 151
6381 158
6382 211
6383 163
6384 169
6385 215
6386 152
6387 217
6388 182
6389 165
6390 161
6391 160
6392 223
6393 153
6394 186
6395 227
6396 155
6397 188
6398 158
6399 233
6400 163
6401 169
6402 177
6403 192
6404 152
6405 241
6406 158
6407 159
6408 245
6409 164
6410 247
6411 160
6412 198
6413 251
6414 153
6415 253
6416 183
6417 155
6418 257
6419 166
6420 161
6421 204
6422 167
6423 165
6424 206
6425 187
6426 177
6427 156
6428 271
6429 152
6430 189
6431 275
6432 159
6433 169
6434 212
6435 164
6436 281
6437 170
6438 283
6439 193
6440 216
6441 167
6442 153
6443 146
6444 148
6445 150
6446 152
6447 150
6448 156
6449 158
6450 152
6451 162
6452 164
6453 154
6454 168
6455 154
6456 152
6457 174
6458 176
6459 158
6460 156
6461 182
6462 160
6463 186
6464 188
6465 154
6466 192
6467 158
6468 164
6469 198
6470 160
6471 166
6472 204
6473 206
6474 156
6475 162
6476 212
6477 170
6478 216
6479 156
6480 162
6481 224
6482 154
6483 228
6484 166
6485 176
6486 234
6487 164
6488 178
6489 168
6490 242
6491 160
6492 246
6493 248
6494 158
6495 252
6496 254
6497 184
6498 258
6499 172
6500 162
6501 168
6502 166
6503 188
6504 158
6505 272
6506 190
6507 276
6508 170
6509 156
6510 282
6511 284
6512 194
6513 168
6514 178
6515 147
6516 148
6517 149
6518 151
6519 150
6520 152
6521 157
6522 159
6523 151
6524 163
6525 165
6526 153
6527 158
6528 169
6529 155
6530 160
6531 175
6532 177
6533 152
6534 164
6535 183
6536 166
6537 154
6538 187
6539 189
6540 159
6541 170
6542 193
6543 156
6544 161
6545 199
6546 161
6547 176
6548 205
6549 207
6550 178
6551 153
6552 163
6553 213
6554 165
6555 217
6556 219
6557 184
6558 167
6559 225
6560 155
6561 188
6562 229
6563 167
6564 190
6565 160
6566 235
6567 171
6568 194
6569 169
6570 243
6571 157
6572 247
6573 249
6574 162
6575 200
6576 253
6577 255
6578 162
6579 259
6580 173
6581 177
6582 206
6583 167
6584 208
6585 179
6586 159
6587 273
6588 154
6589 164
6590 277
6591 214
6592 166
6593 283
6594 285
6595 218
6596 169
6597 179
6598 220
6599 148
6600 150
6601 152
6602 154
6603 152
6604 158
6605 160
6606 154
6607 164
6608 166
6609 156
6610 170
6611 156
6612 154
6613 176
6614 178
6615 160
6616 158
6617 162
6618 188
6619 190
6620 156
6621 194
6622 160
6623 166
6624 200
6625 162
6626 168
6627 206
6628 208
6629 158
6630 164
6631 214
6632 172
6633 218
6634 220
6635 158
6636 164
6637 226
6638 156
6639 230
6640 168
6641 178
6642 236
6643 166
6644 180
6645 170
6646 244
6647 162
6648 248
6649 250
6650 160
6651 254
6652 256
6653 260
6654 174
6655 164
6656 170
6657 168
6658 190
6659 160
6660 274
6661 192
6662 278
6663 172
6664 158
6665 284
6666 286
6667 196
6668 170
6669 180
6670 162
6671 149
6672 150
6673 151
6674 151
6675 153
6676 152
6677 155
6678 152
6679 153
6680 154
6681 159
6682 153
6683 161
6684 156
6685 155
6686 153
6687 165
6688 154
6689 167
6690 155
6691 157
6692 160
6693 171
6694 154
6695 157
6696 162
6697 155
6698 157
6699 177
6700 156
6701 179
6702 154
6703 161
6704 166
6705 159
6706 155
6707 185
6708 168
6709 163
6710 156
6711 189
6712 158
6713 191
6714 161
6715 157
6716 172
6717 195
6718 155
6719 161
6720 158
6721 167
6722 163
6723 201
6724 156
6725 163
6726 158
6727 169
6728 178
6729 207
6730 157
6731 209
6732 180
6733 159
6734 155
6735 165
6736 162
6737 215
6738 167
6739 173
6740 160
6741 219
6742 156
6743 221
6744 186
6745 159
6746 169
6747 165
6748 164
6749 227
6750 157
6751 157
6752 190
6753 231
6754 159
6755 169
6756 192
6757 179
6758 162
6759 237
6760 158
6761 167
6762 173
6763 181
6764 196
6765 171
6766 156
6767 245
6768 162
6769 163
6770 159
6771 249
6772 168
6773 251
6774 164
6775 161
6776 202
6777 255
6778 157
6779 257
6780 164
6781 187
6782 159
6783 261
6784 170
6785 175
6786 179
6787 165
6788 208
6789 171
6790 158
6791 169
6792 210
6793 191
6794 181
6795 161
6796 160
6797 275
6798 156
6799 193
6800 166
6801 279
6802 163
6803 173
6804 216
6805 159
6806 168
6807 285
6808 174
6809 287
6810 161
6811 197
6812 220
6813 171
6814 157
6815 181
6816 222
6817 163
6818 187
6819 150
6820 156
6821 160
6822 162
6823 166
6824 168
6825 172
6826 178
6827 180
6828 186
6829 190
6830 192
6831 196
6832 162
6833 202
6834 208
6835 210
6836 216
6837 220
6838 222
6839 166
6840 228
6841 232
6842 238
6843 168
6844 246
6845 250
6846 252
6847 256
6848 258
6849 262
6850 172
6851 170
6852 276
6853 280
6854 174
6855 286
6856 288
6857 172
6858 298
6859 151
6860 152
6861 153
6862 153
6863 155
6864 154
6865 157
6866 154
6867 155
6868 156
6869 161
6870 155
6871 163
6872 158
6873 157
6874 155
6875 167
6876 156
6877 169
6878 157
6879 159
6880 162
6881 173
6882 156
6883 159
6884 164
6885 157
6886 159
6887 179
6888 158
6889 181
6890 156
6891 163
6892 168
6893 161
6894 157
6895 187
6896 170
6897 165
6898 158
6899 191
6900 160
6901 193
6902 163
6903 159
6904 174
6905 197
6906 157
6907 163
6908 160
6909 169
6910 165
6911 203
6912 158
6913 165
6914 160
6915 171
6916 180
6917 209
6918 159
6919 211
6920 182
6921 161
6922 157
6923 167
6924 164
6925 217
6926 169
6927 175
6928 162
6929 221
6930 158
6931 223
6932 188
6933 161
6934 171
6935 167
6936 166
6937 229
6938 159
6939 159
6940 192
6941 233
6942 161
6943 171
6944 194
6945 181
6946 164
6947 239
6948 160
6949 169
6950 175
6951 183
6952 198
6953 173
6954 158
6955 247
6956 164
6957 165
6958 161
6959 251
6960 170
6961 253
6962 166
6963 163
6964 204
6965 257
6966 159
6967 259
6968 166
6969 189
6970 161
6971 263
6972 172
6973 177
6974 181
6975 167
6976 210
6977 173
6978 160
6979 171
6980 212
6981 193
6982 183
6983 163
6984 162
6985 277
6986 158
6987 195
6988 168
6989 281
6990 165
6991 175
6992 218
6993 161
6994 170
6995 287
6996 176
6997 289
6998 163
6999 199
7000 222
7001 173
7002 159
7003 183
7004 224
7005 165
7006 189
7007 299
7008 162
7009 152
7010 154
7011 156
7012 158
7013 156
7014 162
7015 164
7016 158
7017 168
7018 160
7019 174
7020 160
7021 158
7022 180
7023 182
7024 164
7025 162
7026 188
7027 166
7028 192
7029 194
7030 160
7031 198
7032 164
7033 170
7034 204
7035 166
7036 210
7037 212
7038 162
7039 168
7040 218
7041 176
7042 222
7043 224
7044 162
7045 168
7046 230
7047 160
7048 234
7049 172
7050 182
7051 240
7052 170
7053 184
7054 248
7055 166
7056 252
7057 254
7058 164
7059 258
7060 260
7061 190
7062 264
7063 178
7064 168
7065 174
7066 172
7067 194
7068 164
7069 278
7070 196
7071 282
7072 162
7073 288
7074 290
7075 200
7076 174
7077 184
7078 166
7079 300
7080 302
7081 153
7082 154
7083 155
7084 157
7085 159
7086 156
7087 158
7088 163
7089 165
7090 160
7091 157
7092 171
7093 159
7094 164
7095 175
7096 161
7097 166
7098 161
7099 181
7100 183
7101 158
7102 163
7103 189
7104 172
7105 160
7106 193
7107 195
7108 165
7109 176
7110 199
7111 165
7112 162
7113 167
7114 205
7115 167
7116 162
7117 182
7118 211
7119 213
7120 184
7121 159
7122 169
7123 219
7124 164
7125 223
7126 225
7127 190
7128 173
7129 169
7130 231
7131 161
7132 194
7133 235
7134 196
7135 166
7136 241
7137 171
7138 177
7139 200
7140 175
7141 249
7142 166
7143 163
7144 253
7145 255
7146 168
7147 206
7148 259
7149 261
7150 168
7151 163
7152 265
7153 179
7154 183
7155 212
7156 173
7157 214
7158 185
7159 165
7160 279
7161 160
7162 170
7163 283
7164 177
7165 220
7166 289
7167 291
7168 165
7169 224
7170 175
7171 185
7172 226
7173 191
7174 301
7175 303
7176 174
7177 154
7178 156
7179 158
7180 158
7181 166
7182 160
7183 170
7184 172
7185 176
7186 162
7187 160
7188 182
7189 184
7190 190
7191 168
7192 194
7193 196
7194 162
7195 200
7196 172
7197 206
7198 174
7199 212
7200 214
7201 170
7202 220
7203 178
7204 224
7205 226
7206 164
7207 232
7208 162
7209 236
7210 174
7211 184
7212 242
7213 186
7214 176
7215 250
7216 254
7217 256
7218 260
7219 262
7220 192
7221 266
7222 180
7223 170
7224 196
7225 166
7226 280
7227 198
7228 284
7229 164
7230 290
7231 292
7232 202
7233 186
7234 302
7235 304
7236 174
7237 155
7238 156
7239 157
7240 157
7241 158
7242 161
7243 158
7244 159
7245 165
7246 159
7247 167
7248 162
7249 159
7250 171
7251 160
7252 173
7253 163
7254 166
7255 177
7256 160
7257 168
7258 161
7259 163
7260 183
7261 160
7262 167
7263 172
7264 161
7265 191
7266 174
7267 169
7268 195
7269 164
7270 197
7271 167
7272 178
7273 201
7274 161
7275 167
7276 173
7277 169
7278 207
7279 162
7280 164
7281 175
7282 184
7283 213
7284 215
7285 165
7286 161
7287 168
7288 221
7289 173
7290 179
7291 225
7292 162
7293 227
7294 192
7295 175
7296 171
7297 170
7298 233
7299 163
7300 196
7301 237
7302 165
7303 198
7304 185
7305 168
7306 243
7307 173
7308 179
7309 202
7310 162
7311 251
7312 168
7313 169
7314 255
7315 174
7316 257
7317 170
7318 208
7319 261
7320 163
7321 263
7322 193
7323 165
7324 267
7325 176
7326 185
7327 171
7328 214
7329 177
7330 175
7331 216
7332 197
7333 166
7334 281
7335 162
7336 199
7337 285
7338 169
7339 179
7340 222
7341 174
7342 291
7343 180
7344 293
7345 203
7346 226
7347 177
7348 163
7349 228
7350 169
7351 193
7352 303
7353 305
7354 176
7355 175
7356 172
7357 156
7358 160
7359 162
7360 166
7361 172
7362 174
7363 178
7364 164
7365 184
7366 186
7367 166
7368 192
7369 196
7370 198
7371 202
7372 168
7373 208
7374 170
7375 214
7376 216
7377 222
7378 226
7379 228
7380 172
7381 234
7382 238
7383 176
7384 244
7385 178
7386 252
7387 256
7388 258
7389 262
7390 264
7391 268
7392 182
7393 178
7394 176
7395 168
7396 282
7397 286
7398 180
7399 292
7400 294
7401 188
7402 304
7403 306
7404 190
7405 157
7406 158
7407 159
7408 159
7409 161
7410 160
7411 163
7412 160
7413 161
7414 162
7415 167
7416 161
7417 169
7418 164
7419 163
7420 161
7421 173
7422 162
7423 175
7424 163
7425 165
7426 168
7427 179
7428 162
7429 165
7430 170
7431 163
7432 165
7433 185
7434 164
7435 187
7436 162
7437 169
7438 174
7439 167
7440 163
7441 193
7442 176
7443 171
7444 164
7445 197
7446 166
7447 199
7448 169
7449 165
7450 180
7451 203
7452 163
7453 169
7454 166
7455 175
7456 171
7457 209
7458 164
7459 171
7460 166
7461 177
7462 186
7463 215
7464 165
7465 217
7466 188
7467 167
7468 163
7469 173
7470 170
7471 223
7472 175
7473 181
7474 168
7475 227
7476 164
7477 229
7478 194
7479 167
7480 177
7481 173
7482 172
7483 235
7484 165
7485 165
7486 198
7487 239
7488 167
7489 177
7490 200
7491 187
7492 170
7493 245
7494 166
7495 175
7496 181
7497 189
7498 204
7499 179
7500 164
7501 253
7502 170
7503 171
7504 167
7505 257
7506 176
7507 259
7508 172
7509 169
7510 210
7511 263
7512 165
7513 265
7514 172
7515 195
7516 167
7517 269
7518 178
7519 183
7520 187
7521 173
7522 216
7523 179
7524 166
7525 177
7526 218
7527 199
7528 189
7529 169
7530 168
7531 283
7532 164
7533 201
7534 174
7535 287
7536 171
7537 181
7538 224
7539 167
7540 176
7541 293
7542 182
7543 295
7544 169
7545 205
7546 228
7547 179
7548 165
7549 189
7550 230
7551 171
7552 195
7553 305
7554 168
7555 307
7556 178
7557 177
7558 174
7559 191
7560 173
7561 158
7562 160
7563 162
7564 164
7565 162
7566 168
7567 170
7568 164
7569 174
7570 176
7571 166
7572 180
7573 166
7574 164
7575 186
7576 188
7577 170
7578 168
7579 194
7580 172
7581 198
7582 200
7583 166
7584 204
7585 170
7586 176
7587 210
7588 172
7589 178
7590 216
7591 218
7592 168
7593 174
7594 224
7595 182
7596 228
7597 230
7598 168
7599 174
7600 166
7601 240
7602 178
7603 188
7604 246
7605 176
7606 190
7607 180
7608 254
7609 172
7610 258
7611 260
7612 170
7613 264
7614 266
7615 196
7616 270
7617 184
7618 174
7619 180
7620 178
7621 200
7622 170
7623 284
7624 202
7625 288
7626 182
7627 168
7628 294
7629 296
7630 206
7631 180
7632 190
7633 172
7634 306
7635 308
7636 178
7637 192
7638 314
7639 159
7640 160
7641 161
7642 163
7643 165
7644 162
7645 164
7646 169
7647 171
7648 166
7649 163
7650 175
7651 177
7652 165
7653 170
7654 181
7655 167
7656 172
7657 167
7658 187
7659 189
7660 164
7661 176
7662 169
7663 195
7664 178
7665 166
7666 199
7667 201
7668 171
7669 182
7670 205
7671 171
7672 168
7673 173
7674 173
7675 168
7676 188
7677 217
7678 219
7679 190
7680 165
7681 175
7682 225
7683 177
7684 170
7685 229
7686 231
7687 196
7688 179
7689 175
7690 237
7691 167
7692 200
7693 241
7694 179
7695 202
7696 172
7697 247
7698 177
7699 183
7700 206
7701 181
7702 255
7703 172
7704 169
7705 259
7706 261
7707 174
7708 265
7709 267
7710 174
7711 169
7712 271
7713 185
7714 189
7715 218
7716 181
7717 179
7718 220
7719 191
7720 171
7721 285
7722 166
7723 176
7724 289
7725 183
7726 226
7727 178
7728 295
7729 297
7730 171
7731 230
7732 181
7733 191
7734 232
7735 197
7736 307
7737 309
7738 180
7739 176
7740 193
7741 315
7742 238
7743 160
7744 162
7745 166
7746 164
7747 170
7748 172
7749 176
7750 178
7751 168
7752 182
7753 166
7754 188
7755 190
7756 172
7757 196
7758 174
7759 200
7760 202
7761 206
7762 172
7763 178
7764 212
7765 180
7766 218
7767 220
7768 170
7769 226
7770 184
7771 230
7772 232
7773 176
7774 238
7775 168
7776 242
7777 190
7778 248
7779 178
7780 192
7781 256
7782 174
7783 260
7784 262
7785 266
7786 268
7787 198
7788 272
7789 176
7790 182
7791 180
7792 202
7793 286
7794 204
7795 290
7796 184
7797 296
7798 298
7799 208
7800 182
7801 174
7802 308
7803 310
7804 180
7805 316
7806 214
7807 161
7808 162
7809 163
7810 163
7811 165
7812 164
7813 164
7814 165
7815 166
7816 171
7817 165
7818 173
7819 167
7820 165
7821 177
7822 166
7823 179
7824 167
7825 172
7826 166
7827 169
7828 174
7829 167
7830 189
7831 168
7832 191
7833 166
7834 173
7835 178
7836 167
7837 197
7838 180
7839 175
7840 168
7841 201
7842 203
7843 173
7844 169
7845 207
7846 167
7847 170
7848 179
7849 175
7850 213
7851 168
7852 175
7853 181
7854 190
7855 219
7856 169
7857 221
7858 192
7859 167
7860 177
7861 174
7862 227
7863 179
7864 231
7865 168
7866 233
7867 198
7868 171
7869 181
7870 176
7871 239
7872 169
7873 169
7874 202
7875 243
7876 181
7877 204
7878 191
7879 174
7880 249
7881 170
7882 193
7883 208
7884 183
7885 168
7886 257
7887 175
7888 171
7889 261
7890 180
7891 263
7892 176
7893 214
7894 267
7895 169
7896 269
7897 176
7898 199
7899 273
7900 182
7901 191
7902 177
7903 220
7904 170
7905 181
7906 222
7907 203
7908 193
7909 173
7910 287
7911 168
7912 205
7913 178
7914 291
7915 175
7916 228
7917 171
7918 180
7919 297
7920 299
7921 209
7922 232
7923 183
7924 169
7925 193
7926 234
7927 199
7928 309
7929 172
7930 311
7931 182
7932 181
7933 195
7934 177
7935 317
7936 240
7937 215
7938 170
7939 162
7940 166
7941 168
7942 172
7943 174
7944 178
7945 180
7946 184
7947 170
7948 190
7949 192
7950 172
7951 198
7952 202
7953 204
7954 208
7955 174
7956 214
7957 176
7958 220
7959 222
7960 178
7961 228
7962 232
7963 234
7964 178
7965 240
7966 244
7967 182
7968 250
7969 180
7970 184
7971 258
7972 262
7973 264
7974 268
7975 270
7976 274
7977 188
7978 184
7979 182
7980 174
7981 288
7982 292
7983 186
7984 298
7985 300
7986 184
7987 194
7988 310
7989 312
7990 196
7991 318
7992 190
7993 163
7994 164
7995 165
7996 165
7997 167
7998 166
7999 169
8000 166
8001 167
8002 168
8003 173
8004 167
8005 175
8006 170
8007 169
8008 167
8009 179
8010 168
8011 181
8012 169
8013 171
8014 174
8015 185
8016 168
8017 171
8018 176
8019 169
8020 171
8021 191
8022 170
8023 193
8024 168
8025 175
8026 180
8027 173
8028 169
8029 199
8030 182
8031 177
8032 170
8033 203
8034 172
8035 205
8036 175
8037 171
8038 186
8039 209
8040 169
8041 175
8042 172
8043 181
8044 177
8045 215
8046 170
8047 177
8048 172
8049 183
8050 192
8051 221
8052 171
8053 223
8054 194
8055 173
8056 169
8057 179
8058 176
8059 229
8060 181
8061 187
8062 174
8063 233
8064 170
8065 235
8066 200
8067 173
8068 183
8069 179
8070 178
8071 241
8072 171
8073 171
8074 204
8075 245
8076 173
8077 183
8078 206
8079 193
8080 176
8081 251
8082 172
8083 181
8084 187
8085 195
8086 210
8087 185
8088 170
8089 259
8090 176
8091 177
8092 173
8093 263
8094 182
8095 265
8096 178
8097 175
8098 216
8099 269
8100 171
8101 271
8102 178
8103 201
8104 173
8105 275
8106 184
8107 189
8108 193
8109 179
8110 222
8111 185
8112 172
8113 183
8114 224
8115 205
8116 195
8117 175
8118 174
8119 289
8120 170
8121 207
8122 180
8123 293
8124 177
8125 187
8126 230
8127 173
8128 182
8129 299
8130 188
8131 301
8132 175
8133 211
8134 234
8135 185
8136 171
8137 195
8138 236
8139 177
8140 201
8141 311
8142 174
8143 313
8144 184
8145 183
8146 180
8147 197
8148 179
8149 319
8150 242
8151 217
8152 172
8153 191
8154 172
8155 164
8156 166
8157 168
8158 170
8159 168
8160 174
8161 176
8162 170
8163 180
8164 182
8165 172
8166 186
8167 172
8168 170
8169 192
8170 194
8171 176
8172 174
8173 200
8174 178
8175 206
8176 172
8177 210
8178 176
8179 182
8180 216
8181 178
8182 184
8183 222
8184 224
8185 174
8186 180
8187 230
8188 188
8189 234
8190 236
8191 174
8192 180
8193 242
8194 172
8195 246
8196 184
8197 194
8198 252
8199 182
8200 196
8201 186
8202 260
8203 178
8204 264
8205 266
8206 176
8207 270
8208 272
8209 202
8210 276
8211 190
8212 180
8213 186
8214 184
8215 176
8216 290
8217 208
8218 294
8219 188
8220 174
8221 300
8222 302
8223 212
8224 186
8225 196
8226 178
8227 312
8228 314
8229 184
8230 198
8231 320
8232 218
8233 192
8234 326
8235 165
8236 166
8237 167
8238 171
8239 168
8240 177
8241 172
8242 169
8243 181
8244 183
8245 187
8246 178
8247 173
8248 193
8249 195
8250 170
8251 182
8252 201
8253 184
8254 205
8255 207
8256 188
8257 211
8258 177
8259 179
8260 217
8261 174
8262 194
8263 223
8264 225
8265 196
8266 171
8267 231
8268 183
8269 235
8270 237
8271 202
8272 185
8273 243
8274 206
8275 247
8276 208
8277 253
8278 183
8279 189
8280 212
8281 261
8282 178
8283 265
8284 267
8285 180
8286 218
8287 271
8288 273
8289 175
8290 277
8291 195
8292 224
8293 187
8294 226
8295 197
8296 291
8297 172
8298 295
8299 189
8300 232
8301 184
8302 301
8303 303
8304 236
8305 238
8306 203
8307 313
8308 315
8309 186
8310 321
8311 244
8312 193
8313 327
8314 207
8315 166
8316 168
8317 170
8318 172
8319 170
8320 176
8321 178
8322 172
8323 182
8324 184
8325 174
8326 188
8327 174
8328 172
8329 194
8330 196
8331 178
8332 176
8333 202
8334 180
8335 206
8336 208
8337 174
8338 212
8339 178
8340 184
8341 218
8342 180
8343 186
8344 224
8345 226
8346 176
8347 182
8348 232
8349 190
8350 236
8351 238
8352 176
8353 182
8354 244
8355 174
8356 186
8357 196
8358 254
8359 184
8360 198
8361 188
8362 262
8363 180
8364 266
8365 268
8366 178
8367 272
8368 274
8369 204
8370 278
8371 192
8372 182
8373 188
8374 186
8375 208
8376 178
8377 292
8378 210
8379 296
8380 190
8381 176
8382 302
8383 304
8384 214
8385 188
8386 198
8387 180
8388 314
8389 316
8390 186
8391 200
8392 322
8393 220
8394 194
8395 328
8396 182
8397 167
8398 168
8399 169
8400 169
8401 171
8402 170
8403 173
8404 170
8405 171
8406 172
8407 177
8408 171
8409 179
8410 174
8411 173
8412 171
8413 183
8414 172
8415 185
8416 173
8417 175
8418 178
8419 189
8420 172
8421 175
8422 180
8423 173
8424 175
8425 195
8426 174
8427 197
8428 172
8429 179
8430 184
8431 177
8432 173
8433 203
8434 186
8435 181
8436 174
8437 207
8438 176
8439 209
8440 179
8441 175
8442 190
8443 213
8444 173
8445 179
8446 176
8447 185
8448 181
8449 219
8450 174
8451 181
8452 176
8453 187
8454 196
8455 225
8456 175
8457 227
8458 198
8459 177
8460 173
8461 183
8462 180
8463 233
8464 185
8465 191
8466 178
8467 237
8468 174
8469 239
8470 204
8471 177
8472 187
8473 183
8474 182
8475 245
8476 175
8477 175
8478 208
8479 249
8480 177
8481 187
8482 210
8483 197
8484 180
8485 255
8486 176
8487 185
8488 191
8489 199
8490 214
8491 189
8492 174
8493 263
8494 180
8495 181
8496 177
8497 267
8498 186
8499 269
8500 182
8501 179
8502 220
8503 273
8504 175
8505 275
8506 182
8507 205
8508 177
8509 279
8510 188
8511 193
8512 197
8513 183
8514 226
8515 189
8516 176
8517 187
8518 228
8519 209
8520 199
8521 179
8522 178
8523 293
8524 174
8525 211
8526 184
8527 297
8528 181
8529 191
8530 234
8531 177
8532 186
8533 303
8534 192
8535 305
8536 179
8537 215
8538 238
8539 189
8540 175
8541 199
8542 240
8543 181
8544 205
8545 315
8546 178
8547 317
8548 188
8549 187
8550 184
8551 201
8552 183
8553 323
8554 246
8555 221
8556 176
8557 195
8558 176
8559 329
8560 209
8561 183
8562 250
8563 168
8564 172
8565 178
8566 180
8567 184
8568 186
8569 190
8570 176
8571 196
8572 198
8573 204
8574 208
8575 210
8576 214
8577 220
8578 182
8579 226
8580 228
8581 184
8582 234
8583 238
8584 240
8585 246
8586 250
8587 188
8588 256
8589 190
8590 264
8591 268
8592 270
8593 274
8594 276
8595 280
8596 194
8597 188
8598 180
8599 294
8600 298
8601 304
8602 306
8603 190
8604 200
8605 316
8606 318
8607 202
8608 324
8609 330
8610 334
8611 169
8612 170
8613 171
8614 171
8615 173
8616 172
8617 175
8618 172
8619 173
8620 174
8621 179
8622 173
8623 176
8624 175
8625 173
8626 185
8627 174
8628 187
8629 175
8630 177
8631 180
8632 191
8633 174
8634 177
8635 175
8636 177
8637 197
8638 176
8639 199
8640 174
8641 181
8642 186
8643 179
8644 175
8645 205
8646 188
8647 176
8648 209
8649 178
8650 211
8651 181
8652 177
8653 192
8654 215
8655 175
8656 181
8657 178
8658 187
8659 221
8660 176
8661 183
8662 178
8663 189
8664 198
8665 227
8666 177
8667 229
8668 200
8669 179
8670 175
8671 182
8672 235
8673 187
8674 193
8675 180
8676 239
8677 176
8678 241
8679 206
8680 179
8681 189
8682 185
8683 247
8684 177
8685 177
8686 210
8687 251
8688 179
8689 189
8690 212
8691 199
8692 182
8693 257
8694 178
8695 193
8696 201
8697 216
8698 191
8699 176
8700 265
8701 182
8702 183
8703 179
8704 269
8705 188
8706 271
8707 181
8708 222
8709 275
8710 177
8711 277
8712 184
8713 207
8714 179
8715 281
8716 190
8717 195
8718 199
8719 228
8720 191
8721 178
8722 189
8723 230
8724 211
8725 201
8726 181
8727 180
8728 295
8729 176
8730 213
8731 299
8732 183
8733 193
8734 236
8735 179
8736 188
8737 305
8738 194
8739 307
8740 181
8741 217
8742 240
8743 177
8744 201
8745 242
8746 183
8747 207
8748 317
8749 180
8750 319
8751 190
8752 189
8753 186
8754 203
8755 325
8756 248
8757 223
8758 178
8759 197
8760 178
8761 331
8762 211
8763 185
8764 252
8765 335
8766 180
8767 170
8768 172
8769 176
8770 174
8771 180
8772 182
8773 188
8774 178
8775 192
8776 176
8777 198
8778 200
8779 182
8780 206
8781 184
8782 210
8783 212
8784 216
8785 182
8786 222
8787 190
8788 228
8789 230
8790 180
8791 236
8792 194
8793 240
8794 242
8795 186
8796 248
8797 178
8798 252
8799 200
8800 258
8801 188
8802 202
8803 266
8804 184
8805 270
8806 272
8807 276
8808 278
8809 208
8810 282
8811 186
8812 190
8813 212
8814 296
8815 214
8816 300
8817 194
8818 306
8819 308
8820 218
8821 192
8822 184
8823 318
8824 320
8825 326
8826 224
8827 198
8828 332
8829 336
8830 194
8831 171
8832 172
8833 173
8834 175
8835 177
8836 174
8837 176
8838 181
8839 183
8840 178
8841 175
8842 187
8843 177
8844 182
8845 193
8846 179
8847 184
8848 179
8849 199
8850 201
8851 176
8852 188
8853 181
8854 207
8855 178
8856 211
8857 213
8858 183
8859 194
8860 217
8861 183
8862 180
8863 185
8864 223
8865 185
8866 180
8867 200
8868 229
8869 231
8870 202
8871 177
8872 187
8873 237
8874 189
8875 182
8876 241
8877 243
8878 208
8879 187
8880 249
8881 179
8882 212
8883 253
8884 191
8885 214
8886 184
8887 259
8888 189
8889 195
8890 218
8891 267
8892 184
8893 181
8894 271
8895 273
8896 186
8897 224
8898 277
8899 279
8900 186
8901 181
8902 283
8903 197
8904 201
8905 230
8906 193
8907 191
8908 232
8909 203
8910 183
8911 297
8912 178
8913 188
8914 301
8915 238
8916 190
8917 307
8918 309
8919 183
8920 242
8921 193
8922 203
8923 244
8924 209
8925 319
8926 321
8927 188
8928 205
8929 327
8930 250
8931 180
8932 199
8933 333
8934 213
8935 254
8936 337
8937 195
8938 192
8939 172
8940 174
8941 176
8942 178
8943 176
8944 182
8945 184
8946 178
8947 188
8948 190
8949 180
8950 194
8951 180
8952 178
8953 200
8954 202
8955 184
8956 182
8957 208
8958 186
8959 212
8960 180
8961 218
8962 184
8963 190
8964 224
8965 186
8966 192
8967 230
8968 232
8969 182
8970 188
8971 238
8972 196
8973 242
8974 244
8975 182
8976 188
8977 250
8978 180
8979 254
8980 192
8981 202
8982 260
8983 190
8984 204
8985 194
8986 268
8987 186
8988 272
8989 274
8990 184
8991 278
8992 280
8993 210
8994 284
8995 198
8996 188
8997 194
8998 192
8999 214
9000 184
9001 298
9002 302
9003 196
9004 182
9005 308
9006 310
9007 220
9008 194
9009 204
9010 186
9011 320
9012 322
9013 192
9014 206
9015 328
9016 226
9017 200
9018 334
9019 188
9020 338
9021 196
9022 194
9023 173
9024 174
9025 175
9026 175
9027 177
9028 176
9029 179
9030 176
9031 177
9032 178
9033 183
9034 177
9035 185
9036 180
9037 179
9038 177
9039 189
9040 178
9041 191
9042 179
9043 181
9044 184
9045 195
9046 178
9047 181
9048 186
9049 179
9050 181
9051 201
9052 180
9053 203
9054 178
9055 185
9056 190
9057 183
9058 179
9059 209
9060 192
9061 187
9062 180
9063 213
9064 182
9065 215
9066 185
9067 181
9068 196
9069 219
9070 179
9071 185
9072 182
9073 191
9074 187
9075 225
9076 180
9077 187
9078 182
9079 193
9080 202
9081 231
9082 181
9083 233
9084 204
9085 183
9086 179
9087 189
9088 186
9089 239
9090 191
9091 197
9092 184
9093 243
9094 180
9095 245
9096 210
9097 183
9098 193
9099 189
9100 188
9101 251
9102 181
9103 181
9104 214
9105 255
9106 183
9107 193
9108 216
9109 203
9110 186
9111 261
9112 182
9113 191
9114 197
9115 205
9116 220
9117 195
9118 180
9119 269
9120 186
9121 187
9122 183
9123 273
9124 192
9125 275
9126 188
9127 185
9128 226
9129 279
9130 181
9131 281
9132 188
9133 211
9134 183
9135 285
9136 194
9137 199
9138 203
9139 189
9140 232
9141 195
9142 182
9143 193
9144 234
9145 215
9146 205
9147 185
9148 184
9149 299
9150 180
9151 217
9152 190
9153 303
9154 187
9155 197
9156 240
9157 183
9158 192
9159 309
9160 198
9161 311
9162 185
9163 221
9164 244
9165 195
9166 181
9167 205
9168 246
9169 187
9170 211
9171 321
9172 184
9173 323
9174 194
9175 193
9176 190
9177 207
9178 189
9179 329
9180 252
9181 227
9182 182
9183 201
9184 182
9185 335
9186 215
9187 189
9188 256
9189 339
9190 184
9191 197
9192 194
9193 195
9194 217
9195 174
9196 178
9197 180
9198 184
9199 186
9200 190
9201 192
9202 196
9203 182
9204 204
9205 184
9206 210
9207 214
9208 216
9209 220
9210 186
9211 226
9212 188
9213 232
9214 234
9215 190
9216 240
9217 244
9218 246
9219 190
9220 252
9221 256
9222 194
9223 262
9224 192
9225 196
9226 270
9227 274
9228 276
9229 280
9230 282
9231 286
9232 200
9233 196
9234 194
9235 186
9236 300
9237 304
9238 198
9239 310
9240 312
9241 196
9242 322
9243 324
9244 208
9245 330
9246 202
9247 336
9248 340
9249 198
9250 346
9251 175
9252 176
9253 177
9254 177
9255 178
9256 178
9257 179
9258 185
9259 179
9260 187
9261 179
9262 191
9263 180
9264 193
9265 186
9266 197
9267 180
9268 188
9269 181
9270 203
9271 205
9272 180
9273 187
9274 192
9275 181
9276 211
9277 194
9278 189
9279 215
9280 217
9281 187
9282 198
9283 221
9284 181
9285 193
9286 189
9287 227
9288 182
9289 195
9290 204
9291 233
9292 235
9293 206
9294 181
9295 188
9296 241
9297 193
9298 199
9299 245
9300 182
9301 247
9302 212
9303 195
9304 190
9305 253
9306 183
9307 216
9308 257
9309 218
9310 205
9311 188
9312 263
9313 199
9314 207
9315 222
9316 182
9317 271
9318 189
9319 275
9320 194
9321 277
9322 190
9323 228
9324 281
9325 183
9326 283
9327 213
9328 287
9329 196
9330 205
9331 191
9332 234
9333 195
9334 236
9335 217
9336 207
9337 301
9338 182
9339 219
9340 305
9341 189
9342 242
9343 194
9344 311
9345 200
9346 313
9347 223
9348 246
9349 197
9350 183
9351 248
9352 213
9353 323
9354 325
9355 196
9356 195
9357 191
9358 331
9359 254
9360 229
9361 184
9362 337
9363 217
9364 258
9365 341
9366 199
9367 197
9368 219
9369 347
9370 206
9371 176
9372 178
9373 180
9374 182
9375 180
9376 188
9377 182
9378 192
9379 194
9380 184
9381 198
9382 184
9383 182
9384 204
9385 206
9386 186
9387 212
9388 190
9389 216
9390 218
9391 184
9392 222
9393 188
9394 194
9395 228
9396 196
9397 234
9398 236
9399 186
9400 192
9401 242
9402 200
9403 246
9404 248
9405 186
9406 254
9407 184
9408 258
9409 196
9410 206
9411 264
9412 194
9413 208
9414 198
9415 272
9416 276
9417 278
9418 188
9419 282
9420 284
9421 214
9422 288
9423 202
9424 192
9425 198
9426 218
9427 188
9428 302
9429 220
9430 306
9431 200
9432 186
9433 312
9434 314
9435 224
9436 208
9437 190
9438 324
9439 326
9440 196
9441 210
9442 332
9443 230
9444 204
9445 338
9446 342
9447 200
9448 198
9449 348
9450 190
9451 177
9452 178
9453 179
9454 181
9455 183
9456 180
9457 182
9458 187
9459 189
9460 184
9461 181
9462 193
9463 195
9464 183
9465 188
9466 199
9467 185
9468 190
9469 185
9470 205
9471 207
9472 182
9473 194
9474 187
9475 213
9476 196
9477 184
9478 217
9479 219
9480 189
9481 200
9482 223
9483 189
9484 186
9485 191
9486 229
9487 191
9488 186
9489 206
9490 237
9491 208
9492 183
9493 193
9494 243
9495 195
9496 188
9497 247
9498 249
9499 214
9500 197
9501 193
9502 255
9503 185
9504 218
9505 259
9506 197
9507 220
9508 190
9509 265
9510 195
9511 201
9512 224
9513 199
9514 273
9515 190
9516 187
9517 277
9518 279
9519 192
9520 230
9521 283
9522 285
9523 192
9524 187
9525 289
9526 203
9527 207
9528 199
9529 197
9530 238
9531 209
9532 189
9533 303
9534 184
9535 194
9536 307
9537 201
9538 244
9539 196
9540 313
9541 315
9542 189
9543 248
9544 199
9545 209
9546 250
9547 215
9548 325
9549 327
9550 198
9551 194
9552 211
9553 333
9554 256
9555 186
9556 205
9557 339
9558 219
9559 260
9560 343
9561 201
9562 198
9563 221
9564 349
9565 191
9566 191
9567 178
9568 180
9569 182
9570 184
9571 182
9572 188
9573 190
9574 184
9575 194
9576 196
9577 186
9578 200
9579 186
9580 184
9581 206
9582 208
9583 190
9584 188
9585 214
9586 192
9587 218
9588 220
9589 186
9590 224
9591 190
9592 196
9593 230
9594 192
9595 198
9596 236
9597 238
9598 188
9599 194
9600 244
9601 202
9602 248
9603 250
9604 188
9605 194
9606 256
9607 186
9608 260
9609 198
9610 208
9611 196
9612 210
9613 200
9614 274
9615 192
9616 278
9617 280
9618 190
9619 284
9620 286
9621 216
9622 290
9623 204
9624 194
9625 200
9626 198
9627 220
9628 190
9629 304
9630 222
9631 308
9632 202
9633 188
9634 314
9635 316
9636 226
9637 200
9638 210
9639 192
9640 326
9641 328
9642 198
9643 212
9644 334
9645 232
9646 206
9647 340
9648 194
9649 344
9650 202
9651 200
9652 350
9653 192
9654 238
9655 179
9656 180
9657 181
9658 181
9659 183
9660 182
9661 185
9662 182
9663 183
9664 184
9665 189
9666 183
9667 191
9668 186
9669 185
9670 183
9671 195
9672 184
9673 197
9674 185
9675 187
9676 190
9677 201
9678 184
9679 187
9680 192
9681 185
9682 187
9683 207
9684 186
9685 209
9686 184
9687 191
9688 196
9689 189
9690 185
9691 215
9692 198
9693 193
9694 186
9695 219
9696 188
9697 221
9698 191
9699 187
9700 202
9701 225
9702 185
9703 191
9704 188
9705 197
9706 193
9707 231
9708 186
9709 193
9710 188
9711 199
9712 208
9713 237
9714 187
9715 239
9716 210
9717 189
9718 185
9719 195
9720 192
9721 245
9722 197
9723 203
9724 190
9725 249
9726 186
9727 251
9728 216
9729 189
9730 199
9731 195
9732 194
9733 257
9734 187
9735 187
9736 220
9737 261
9738 189
9739 199
9740 222
9741 209
9742 192
9743 267
9744 188
9745 197
9746 203
9747 211
9748 226
9749 201
9750 186
9751 275
9752 192
9753 193
9754 189
9755 279
9756 198
9757 281
9758 194
9759 191
9760 232
9761 285
9762 187
9763 287
9764 194
9765 217
9766 189
9767 291
9768 200
9769 205
9770 209
9771 195
9772 238
9773 201
9774 188
9775 199
9776 240
9777 221
9778 211
9779 191
9780 190
9781 305
9782 186
9783 223
9784 196
9785 309
9786 193
9787 203
9788 246
9789 189
9790 198
9791 315
9792 204
9793 317
9794 191
9795 227
9796 250
9797 201
9798 187
9799 211
9800 252
9801 193
9802 217
9803 327
9804 190
9805 329
9806 200
9807 199
9808 196
9809 213
9810 195
9811 335
9812 258
9813 233
9814 188
9815 207
9816 188
9817 341
9818 221
9819 195
9820 262
9821 345
9822 190
9823 203
9824 200
9825 201
9826 223
9827 351
9828 210
9829 193
9830 193
9831 239
9832 268
9833 180
9834 186
9835 190
9836 192
9837 196
9838 198
9839 202
9840 208
9841 210
9842 216
9843 220
9844 222
9845 226
9846 192
9847 232
9848 238
9849 240
9850 246
9851 250
9852 252
9853 196
9854 258
9855 262
9856 268
9857 198
9858 276
9859 280
9860 282
9861 286
9862 288
9863 292
9864 202
9865 200
9866 306
9867 310
9868 204
9869 316
9870 318
9871 202
9872 328
9873 330
9874 336
9875 208
9876 342
9877 346
9878 204
9879 352
9880 358
9881 181
9882 182
9883 183
9884 183
9885 185
9886 184
9887 187
9888 184
9889 185
9890 186
9891 191
9892 185
9893 193
9894 188
9895 187
9896 185
9897 197
9898 186
9899 199
9900 187
9901 189
9902 192
9903 203
9904 186
9905 189
9906 194
9907 187
9908 189
9909 209
9910 188
9911 211
9912 186
9913 193
9914 198
9915 191
9916 187
9917 217
9918 200
9919 195
9920 188
9921 221
9922 190
9923 223
9924 193
9925 189
9926 204
9927 227
9928 187
9929 193
9930 190
9931 199
9932 195
9933 233
9934 188
9935 195
9936 190
9937 201
9938 210
9939 239
9940 189
9941 241
9942 212
9943 191
9944 187
9945 197
9946 194
9947 247
9948 199
9949 205
9950 192
9951 251
9952 188
9953 253
9954 218
9955 191
9956 201
9957 197
9958 196
9959 259
9960 189
9961 189
9962 222
9963 263
9964 191
9965 201
9966 224
9967 211
9968 194
9969 269
9970 190
9971 199
9972 205
9973 213
9974 228
9975 203
9976 188
9977 277
9978 194
9979 195
9980 191
9981 281
9982 200
9983 283
9984 196
9985 193
9986 234
9987 287
9988 189
9989 289
9990 196
9991 219
9992 191
9993 293
9994 202
9995 207
9996 211
9997 197
9998 240
9999 203
10000 190
10001 201
10002 242
10003 223
10004 213
10005 193
10006 192
10007 307
10008 188
10009 225
10010 198
10011 311
10012 195
10013 205
10014 248
10015 191
10016 200
10017 317
10018 206
10019 319
10020 193
10021 229
10022 252
10023 203
10024 189
10025 213
10026 254
10027 195
10028 219
10029 329
10030 192
10031 331
10032 202
10033 201
10034 198
10035 215
10036 197
10037 337
10038 260
10039 235
10040 190
10041 209
10042 190
10043 343
10044 223
10045 197
10046 264
10047 347
10048 192
10049 205
10050 202
10051 203
10052 225
10053 353
10054 212
10055 195
10056 195
10057 241
10058 270
10059 359
10060 191
