# A397106 a(n) = n + A275314(n), n >= 1. Two-stage dissonance of superparticular interval (n+1)/n.
1 2
2 4
3 6
4 7
5 10
6 10
7 14
8 12
9 14
10 16
11 22
12 17
13 26
14 22
15 22
16 21
17 34
18 24
19 38
20 27
21 30
22 34
23 46
24 30
25 34
26 40
27 34
28 37
29 58
30 38
31 62
32 38
33 46
34 52
35 46
36 43
37 74
38 58
39 54
40 48
41 82
42 52
43 86
44 57
45 54
46 70
47 94
48 55
49 62
50 60
51 70
52 67
53 106
54 62
55 70
56 66
57 78
58 88
59 118
60 69
61 122
62 94
63 74
64 71
65 82
66 80
67 134
68 87
69 94
70 82
71 142
72 80
73 146
74 112
75 86
76 97
77 94
78 94
79 158
80 89
81 90
82 124
83 166
84 95
85 106
86 130
87 118
88 102
89 178
90 100
91 110
92 117
93 126
94 142
95 118
96 104
97 194
98 112
99 114
100 111
101 202
102 122
103 206
104 120
105 118
106 160
107 214
108 117
109 218
110 126
111 150
112 123
113 226
114 136
115 142
116 147
117 134
118 178
119 142
120 130
121 142
122 184
123 166
124 157
125 138
126 138
127 254
128 136
129 174
130 148
131 262
132 147
133 158
134 202
135 146
136 156
137 274
138 164
139 278
140 153
141 190
142 214
143 166
144 153
145 178
146 220
147 162
148 187
149 298
150 162
151 302
152 174
153 174
154 172
155 190
156 173
157 314
158 238
159 214
160 170
161 190
162 172
163 326
164 207
165 182
166 250
167 334
168 180
169 194
170 192
171 194
172 217
173 346
174 206
175 190
176 191
177 238
178 268
179 358
180 191
181 362
182 202
183 246
184 210
185 226
186 220
187 214
188 237
189 202
190 214
191 382
192 201
193 386
194 292
195 214
196 211
197 394
198 214
199 398
200 212
201 270
202 304
203 238
204 225
205 250
206 310
207 234
208 225
209 238
210 224
211 422
212 267
213 286
214 322
215 262
216 226
217 254
218 328
219 294
220 237
221 250
222 262
223 446
224 236
225 238
226 340
227 454
228 251
229 458
230 258
231 250
232 264
233 466
234 252
235 286
236 297
237 318
238 262
239 478
240 251
241 482
242 264
243 254
244 307
245 262
246 290
247 278
248 282
249 334
250 264
251 502
252 265
253 286
254 382
255 278
256 265
257 514
258 304
259 302
260 279
261 294
262 394
263 526
264 280
265 322
266 292
267 358
268 337
269 538
270 282
271 542
272 293
273 294
274 412
275 294
276 303
277 554
278 418
279 314
280 294
281 562
282 332
283 566
284 357
285 310
286 310
287 334
288 298
289 322
290 324
291 390
292 367
293 586
294 310
295 358
296 336
297 314
298 448
299 334
300 313
